"date.time","lev1.uavg","lev2.uavg","lev1.ustar","lev2.ustar","lev1.sh","lev1.le.1","lev1.le.2","lev1.co2.1","lev1.hno3","lev1.hono","lev1.n2o","lev1.le.gd","lev1.co2.gd","lev1.nh3.gd","lev1.no.gd","lev1.nox.gd","lev1.n2o.gd","lev1.wd","lev2.wd","lev1.xmax","flag.stat","flag.itc","flag.fpt","flag.n1n2"
2019-07-13 00:30:00,2.52401710877818,2.26843405066733,0.14043001040078,0.151992527122683,-13.3794472348419,28.4810202886877,22.3627801174805,0.149359309359073,0.00149944448290882,0.00967904939274874,2.84806317398581,28.823670126326,0.0781617360647592,-0.000164460255007866,0.033152493439052,0.0259246962769861,4.82726375416144e-05,246.629960777297,228.132752283987,21.0474941226059,TRUE,TRUE,FALSE,"N2"
2019-07-13 00:45:00,2.53984738256596,2.2844318423542,0.208815161124971,0.168294485035751,-14.3967104747019,34.0559941740549,22.8279046955244,0.190848919967738,0.00307224106133684,0.0108853205305255,2.85456864397821,38.4455313018125,0.0836280686385506,-0.0426498498834873,0.0435516510923867,0.0380817462119491,5.80562795827237e-05,242.379467573663,224.273300526606,18.8167354922301,TRUE,TRUE,TRUE,"N2"
2019-07-13 01:00:00,2.2145306029749,1.98105818674209,0.2305525373463,0.111890522776946,-11.374595330097,27.5843059889084,16.521612489459,0.132547799113747,0.00148706840265379,0.00512175985209578,1.81066233725816,25.0786191234295,0.0517993638571197,-0.0214954853371607,0.0210282846222812,0.018990478116907,2.26773453606424e-05,234.541340466915,217.111263692494,25.647050674774,TRUE,TRUE,TRUE,"N2"
2019-07-13 01:15:00,2.31689464408268,2.10957272233362,0.221440306601845,0.132360697663256,-9.10660146207833,24.9933873024428,19.6877621812857,0.079373479303105,0.00181869593542268,0.00654721643536186,2.46292260208402,57.1250712278848,0.146690020247725,-0.0531800034691901,0.0212863871327124,0.0256282365171678,4.56530638149716e-05,232.062790914633,214.55672975157,22.7230501471923,FALSE,TRUE,TRUE,"N2"
2019-07-13 01:30:00,1.9751950125444,1.77670826017394,0.257307465355356,0.116931537048403,19.2007156772454,-16.0575096237085,13.8121439202182,-0.527256361646293,0.00153200746448193,0.00503200925639241,1.44175989283606,49.2014678671315,0.124127514240451,-0.0459677656357096,0.00937055266725523,0.015220614414987,4.30701725436666e-05,206.993787562167,192.856081220686,21.4934413738555,TRUE,TRUE,TRUE,"N2"
2019-07-13 01:45:00,2.12923269640022,1.92677029349285,0.191539869905675,0.120225415634902,-5.11849845270197,21.484668762773,18.8886196863945,0.0607046517333431,0.00180172794920126,0.00631512930854003,2.16383958262423,40.4286610212774,0.0683735311442228,-0.0322747259586734,0.0178571975944133,0.0184087442178259,3.161793712688e-05,236.920961029016,219.552789364641,22.8690174499919,TRUE,TRUE,TRUE,"N2"
2019-07-13 02:00:00,1.75789334439385,1.59291841480429,0.200926794668504,0.111412358472956,-5.68775322262473,20.9478277185847,17.0864067154943,0.0137880853977363,0.00118346932879405,0.00725026948261776,1.30357794312759,13.835769115392,-0.0476421809229929,-0.00932262320326092,0.0239614683983585,0.0152932518000849,4.00097247363082e-06,226.360723799136,209.98028968394,20.0112717880053,TRUE,TRUE,TRUE,"N2"
2019-07-13 02:15:00,1.11807300635104,0.990184357997529,0.133542893615423,0.0802566266983206,9.7755369964205,-6.16284354094491,8.88969401438081,-0.279262158091958,0.000834059796174329,0.00375714968267071,1.94206344902545,13.3046842266316,0.00855517798937697,0.0115119833320324,0.0090809568403145,0.00506132629751477,8.27304201681638e-06,204.251232334329,190.093184605779,16.7786547596621,FALSE,TRUE,TRUE,"N2"
2019-07-13 02:30:00,1.54172283063421,1.36037666015352,0.134807112564936,0.100339822348995,1.14791590581792,15.0191823843504,9.18877070987229,0.0577476523237052,0.00136239039463179,0.00386242180605797,3.04470279453056,36.749559867022,0.095585578890215,-0.00551883155448094,0.00582469853609205,0.00814565585450528,2.64467121528203e-05,193.096519508227,180.491046629495,18.7898023288701,FALSE,TRUE,TRUE,"N2"
2019-07-13 02:45:00,1.43135244807228,1.27409867241467,0.139492432713498,0.0817021982014164,-6.93462006055602,17.6560482738295,9.30914592311944,0.12673637473244,0.00157534817612269,0.00431169885766258,1.16658557985571,11.6882351769517,0.0255818224366843,0.00658945763420515,0.0103908005732968,0.0121241010199406,1.51597429251589e-05,244.831171234298,227.699933459719,22.1547661444767,FALSE,TRUE,FALSE,"N2"
2019-07-13 03:00:00,1.96694383513116,1.78292015067502,0.128889102106457,0.111045711981572,-7.55675537486434,23.2924182886264,16.4837187234266,0.134786131854991,0.00146790256705419,0.00613596288095805,2.16109810961633,13.5950322524607,0.0415471852032545,0.0113760716218907,0.0236778452616652,0.0242457280615421,3.06934124875132e-05,243.342877317283,226.259118596584,22.9176734693067,FALSE,TRUE,FALSE,"N2"
2019-07-13 03:15:00,2.0086007441534,1.82404823321585,0.198543765950439,0.107057315965295,-1.99989822628977,13.2864917671156,11.5219461502741,0.00492356310215102,0.00132116836424689,0.00458674775091314,1.50912295371049,40.4711177105218,0.139670027811445,-0.0248019611547225,0.0155276383434584,0.0173330855643295,4.07180589943086e-05,218.303282463183,202.498249251709,24.5427992972966,FALSE,TRUE,TRUE,"N2"
2019-07-13 03:30:00,1.59503956661323,1.38823178498414,0.210454723870392,0.135054015206724,-1.60149687305988,21.1992488450745,11.6839583722815,0.00909582599715363,0.00122848731361516,0.00458687269116989,1.46441776590327,54.1973780797118,0.149200407273977,-0.0119924300042196,0.0164478598826778,0.0145521165333798,5.81512538032208e-05,189.728488945391,183.99063941009,13.4004594361713,FALSE,TRUE,TRUE,"N2"
2019-07-13 03:45:00,2.00605986482592,1.76318839807565,0.13251982987278,0.11580121210323,-4.03470192859232,11.1112241071611,10.4521522205717,0.0415136633041038,0.00143691777106105,0.00309617326769317,1.43791178382481,23.6348134737889,0.0143429646688683,0.00397766583363743,0.0167531967060472,0.00927780129650551,4.40218438765029e-05,186.134635656078,186.857430598431,21.5456156627805,FALSE,TRUE,TRUE,"N2"
2019-07-13 04:00:00,1.20481183848171,1.07604829438057,0.156223469227527,0.0753889826659119,0.183961821774859,12.1479367880263,11.6338128360961,0.034248447895722,0.00100202696472929,0.00361491215404886,1.34064895606792,16.2284624556258,0.000457774067856463,0.00379843991599513,0.015585829661503,0.00804723193032024,3.44053126975327e-05,218.488881921038,202.714187376329,19.9712678943157,FALSE,TRUE,TRUE,"N2"
2019-07-13 04:15:00,1.19900175872407,1.07239703306929,0.212803939306694,0.0794250038502881,5.61548815065403,-0.728368031464948,7.38550653717521,-0.138737526422855,0.000939838479298031,0.00452750769846351,0.729543887487615,15.7481191207253,0.0164212487223911,0.00340646184482965,0.01929310183447,0.0139193214735505,2.47724319247512e-05,220.710337932852,203.867143107871,18.6979086143187,FALSE,TRUE,TRUE,"N2"
2019-07-13 04:30:00,0.738532393295588,0.672651609662494,0.142523121517368,0.103053274038528,12.6762239093241,7.366493052248,11.0033183320093,0.0696038875628146,0.00080752009821819,0.0034911499373284,1.12692939927443,61.119162635804,0.0568988397155476,-0.0224360661348152,0.0724084264238689,0.0513800006901352,3.95725204556459e-05,222.173863591897,205.065337387535,7.38660167576912,TRUE,TRUE,TRUE,"N2"
2019-07-13 04:45:00,1.43749938884668,1.24365564618825,0.232900585356627,0.131740880819721,9.28651599890253,30.4806222794932,10.7706335268263,0.142193366562154,0.00187644760343248,0.00532364578424342,1.2666873224912,35.6244853493009,0.0242245528084434,-0.00519203357110516,0.0294873011855194,0.0218209419370869,3.48980199927362e-06,194.313903605901,182.405019818609,12.0335336066983,FALSE,TRUE,TRUE,"N2"
2019-07-13 05:00:00,1.81277760125617,1.61851553209937,0.170980674271495,0.137360964432838,-7.78703115531296,20.6361002494314,12.2485744855715,0.115176994533727,0.00105231543453292,0.00444901808858902,1.62118544341669,27.7738446965226,0.0401430206245004,-0.000355190929333127,0.0194990695314158,0.0228662941097055,-7.30105851157713e-07,200.947149914937,190.422347679396,15.8658621447799,TRUE,TRUE,TRUE,"N2"
2019-07-13 05:15:00,2.25052990962102,2.03300911019614,0.239178049319834,0.158578187099296,-1.99696988380676,12.1187069265021,13.4474581853325,0.0511393146978221,0.00159797231507962,0.00458775717080347,2.56240784171993,50.5653735657909,0.0665680785147224,-0.0318913985511461,0.032271015874541,0.0284694334366505,3.52438738344497e-05,212.384832513574,199.803886591448,17.5735169027019,FALSE,TRUE,TRUE,"N2"
2019-07-13 05:30:00,0.92534139405778,0.796384433248472,0.112169476376926,0.0967866491749833,-2.10264687738457,8.84844336365394,8.70169212626176,0.0529148114165742,0.000946558600212732,0.00280987056821781,1.00966556314464,46.2231218642015,0.0804030229998915,-0.0224742265408308,0.0208545054942431,0.0155522731519174,4.31835421282841e-05,203.475538609758,183.307525603137,10.0760323750612,FALSE,FALSE,TRUE,"N2"
2019-07-13 05:45:00,1.01002268558131,0.936158957678182,0.117670407881661,0.0969281851427255,3.56285459847016,9.41521736059853,8.55312815459919,0.0399483556869242,-4.11838542216962e-05,0.00360169757039728,1.23657643157569,89.3638678705618,0.0969314776015808,-0.105206178488969,0.0215378059041796,0.00964753820627105,4.09895689810743e-05,195.16647737518,181.288892171253,12.3881568954841,FALSE,TRUE,TRUE,"N2"
2019-07-13 06:00:00,2.84906936394053,2.54474666594879,0.228821259610718,0.192640624990037,-5.4228493858291,50.8012674730196,23.2897565200146,0.118170875499807,0.00170096501054272,0.00459931980483197,-0.0803109282970972,89.8783051472205,0.0463326939748817,-0.0864656632913613,-0.00180230092247055,-0.00475703756975703,-6.69671529544832e-06,185.633268044674,186.185847804938,18.2158588280103,FALSE,TRUE,TRUE,"N2"
2019-07-13 06:15:00,3.20946422615121,2.93498635220397,0.259376765943488,0.206969246599749,-0.257621184635341,49.747764913884,36.2294995051074,0.0374598499953282,0.00229889820765843,0.00996845994323949,2.82156812663736,132.015604888286,-0.018624540732312,-0.00744192713962534,0.0197493599188857,0.0164699456443928,-8.30977285184031e-06,203.760317988737,190.685571413321,19.8184919380076,TRUE,TRUE,TRUE,"N2"
2019-07-13 06:30:00,2.34537345721922,2.15321744201531,0.337477794792286,0.16544531688693,11.0414743783817,63.0597590638337,43.2539485607911,-0.0761523020562692,0.00102744449119354,0.0047512085750284,2.14332386394126,114.682963490373,-0.0193952062049266,0.0010187618084217,0.0340625486860951,0.0162459398068216,2.86534048819225e-06,225.175832748571,211.028581002406,17.8940623402941,FALSE,TRUE,TRUE,"N2"
2019-07-13 06:45:00,1.67573111830163,1.46697244764851,0.184342145762597,0.144741407186666,14.0492360564076,36.6726836014971,46.2264585114226,-0.00295615233634179,0.00249798093559733,0.00873546820488718,1.94776895137788,113.446392433111,-0.010436180626696,-0.000121127579043614,0.00794264340358881,-0.000883628905326229,-2.42937219760439e-05,243.163585895181,224.659257388483,13.1653676579067,FALSE,TRUE,TRUE,"N2"
2019-07-13 07:00:00,1.62395744184834,1.44307449454671,0.194236581317143,0.1612659674122,18.5702315474558,103.116116312472,28.5461822579224,0.0388614631130486,0.00302803212354082,0.00366998954970275,1.75331581286426,215.581173139687,0.00543054253356115,0.0284417879480751,0.0202265208647849,0.0136643412336091,-5.78614529345743e-05,196.984495651171,180.04713533452,11.2363437143846,FALSE,TRUE,TRUE,"N2"
2019-07-13 07:15:00,2.71735823477147,2.43444919757716,0.237819657876133,0.174846579701886,17.4775975813688,97.3496398177736,0.512000800358629,-0.104481614426176,0.00121260316211731,0.00725540383244353,-1.05800324585918,194.847295569049,-0.0172272315241232,-0.0206562248408513,0.0249330738485334,0.0288512604672428,-4.0118426763792e-05,214.324169338012,200.722854147105,19.3933731833759,TRUE,TRUE,TRUE,"N2"
2019-07-13 07:30:00,1.91930696743916,1.78292451745341,0.239348579799332,0.116975795731352,9.02462515659739,114.505081338601,1.80052522758203,0.0625482809723379,0.00208701948552573,0.00809917184773751,8.31407485867011,219.483155053957,0.0509587000769964,-0.0782326592476583,0.03595223741284,0.0379054674553078,-2.47835176886101e-05,212.80580611459,198.247105990725,21.5717879241571,TRUE,TRUE,TRUE,"N2"
2019-07-13 07:45:00,1.73421757523901,1.61205428210648,0.200027289430657,0.107518718132107,26.2746641642369,193.06016755073,46.8237768549715,0.00834085640362231,0.000281624059816026,0.00977510090494779,7.26981166512476,193.832242751951,0.0268564790811665,-0.0379574304774521,0.0292264974468511,0.0276628831328362,-1.11179134205935e-05,237.305402719436,218.904699921688,21.1608789458361,TRUE,TRUE,TRUE,"N2"
2019-07-13 08:00:00,1.31494839688169,1.23766021807168,0.144362531697155,0.0854807049935859,18.1532417381596,138.750034703552,-5.43660977003816,-0.013323107407916,0.00167686440318139,0.00593555727462695,-0.194171163092161,209.074227026907,0.00923533212355655,-0.0266796846490813,0.0320564863673292,0.0382514124274313,-9.34404415501858e-06,238.253003527961,217.540252872052,20.3108084447635,TRUE,TRUE,TRUE,"N2"
2019-07-13 08:15:00,1.67563673604586,1.49376426947757,0.228568616377379,0.167677655981044,42.2578791498685,186.253206894282,5.7613850510059,-0.189802864001512,0.00303783010758373,0.00715034540715144,-0.649024808985633,472.560698015927,0.111883563095011,-0.071240691341137,0.0767418480256401,0.099310010934429,-3.14510875741622e-05,225.698264171346,206.668294944849,11.1718737392034,FALSE,TRUE,TRUE,"N2"
2019-07-13 08:30:00,2.22735974274864,2.09040244386442,0.29507201052685,0.157691590327931,21.7942245520578,175.692973441279,19.5084124784169,-0.0747996574321046,0.00129924945009578,0.00446412192424747,2.15250880840311,628.078226127353,0.00145045200641531,-0.0565298964555529,0.098531362947736,0.126996033021475,-3.83290199926439e-05,223.525975577637,207.731923988706,18.2924876895889,TRUE,TRUE,TRUE,"N2"
2019-07-13 08:45:00,2.20231843583327,1.9643779238735,0.31940184505029,0.200418808423887,39.1232653773132,318.42984909337,-63.5678373587365,-0.10004064630762,0.0112146183686819,-0.00286498491424948,-11.3286515526046,544.508264400404,-0.0337857365027646,-0.0289637721606078,0.0576872653790693,0.0729114039262816,-1.8177003647527e-05,196.509438494956,183.547681811589,12.6211181665288,FALSE,TRUE,TRUE,"N2"
2019-07-13 09:00:00,2.73223926617294,2.48980324447351,0.252519336614231,0.175930911664511,30.8054084787484,242.25806988174,37.9553765081882,-0.108634129898145,0.00218139127471495,0.00360883132096865,2.5832447859273,310.052527444324,0.00636991708080469,0.0393793756596914,0.00922751551395935,-0.00472175441879507,-1.23338892555283e-05,190.564489893162,181.009141205738,19.771224397641,FALSE,TRUE,TRUE,"N2"
2019-07-13 09:15:00,3.0272247803782,2.55386177405473,0.236743941394459,0.244434674454065,38.7605958643839,335.494848723028,191.727854609325,-0.0197725497357337,0.0015146282948151,0.0159395687511143,21.5811000001513,358.126238311817,0.000627995147817432,-0.0961717495994167,0.0140278709914302,-0.00732273032311707,-4.61050565415053e-05,190.419292242315,202.660688342751,9.53846012344866,TRUE,TRUE,TRUE,"N2"
2019-07-13 09:30:00,3.35230996367917,2.76847917484349,0.292733816137725,0.259801441166408,61.2973294892682,472.837151211747,40.129192501118,-0.133477484733751,0.0034792294723861,0.00501194535575698,2.98310884471131,422.15756029669,-0.0324057992028361,-0.110775857064877,0.0260206131349693,0.0230475312457075,-8.14812084644187e-05,198.192503429728,211.402200781542,9.62548060037547,TRUE,TRUE,TRUE,"N2"
2019-07-13 09:45:00,3.24302500164507,2.86054652417054,0.257043083077915,0.254967538180905,29.967910324501,257.914374954588,399.685750328553,-0.064383648549549,-0.000247741676159629,0.0351510775424971,42.3922139230441,550.458998263268,-0.0662342010957975,0.0676923219581249,0.0385950248882164,0.0520432746018069,-8.3188838842398e-05,185.415854766029,197.405477593001,14.9400157435497,TRUE,TRUE,TRUE,"N2"
2019-07-13 10:00:00,3.27992164636049,2.87241948422241,0.299601393569681,0.244716542502243,53.6431376309744,395.130959248385,-68.5978718096619,-0.104152851387467,0.014934985293346,-0.00559375378605097,-8.28034479800914,323.296617529818,-0.0461155566996794,0.1589885521353,0.0240356583821534,0.0400490912464895,-2.29531879144293e-05,180.798248231414,190.613671083535,15.7915655444918,TRUE,TRUE,TRUE,"N2"
2019-07-13 10:15:00,4.41655290522184,3.69307888895147,0.376519466040724,0.306254701902754,38.6918170488355,321.026960117838,76.7356715098474,-0.0221921426413398,0.0142338312465747,0.00996329640503334,8.51798342400984,212.967218443113,0.018051241942529,0.192302931741703,0.0178667512678877,0.0216723699705375,-1.67833618226016e-05,196.788577090788,210.08752200145,16.3196467577165,TRUE,TRUE,TRUE,"N2"
2019-07-13 10:30:00,3.59757976403565,3.15201290726682,0.336525476819922,0.23952278908949,43.9090379927154,288.710105393935,108.953525616751,-0.126000037580059,-5.68609352320024e-05,0.0168267334606227,11.8599634762636,282.616638600528,0.0273394679056972,0.191601339255788,0.0244879855732355,0.0451715603306732,-2.40181203418321e-05,183.828554455686,195.972616729326,12.0464314319731,TRUE,TRUE,TRUE,"N2"
2019-07-13 10:45:00,4.35345145254436,3.91456884905442,0.344105631543313,0.319700941479579,48.8561230339771,333.872127945502,320.787117020112,-0.0724960250082645,0.00523085808172481,0.0331201883052974,30.9935182356049,494.470212180494,0.0355764479908252,0.664792775932976,0.0367167705526508,0.0734567288161807,-6.62958270378409e-06,187.464332089296,183.528834691045,16.625128031748,TRUE,TRUE,TRUE,"N2"
2019-07-13 11:00:00,4.05736289219785,3.57971873289018,0.360342926857942,0.308241572354103,38.894695801003,367.833180732483,308.689304048434,-0.0866059336646541,0.00982953552287816,0.0286070244424927,17.6132104076239,445.117860918425,-0.0268054969597697,0.304388057879226,0.0146142835956659,0.00878928687503563,-1.61851184932439e-05,181.448953196932,189.559279680084,15.5871396725015,TRUE,TRUE,TRUE,"N2"
2019-07-13 11:15:00,3.45664040745089,3.0119093487984,0.292668004164927,0.237069672667615,34.157245078811,339.136315730501,642.605084718925,-0.0524465089611333,0.0163297356644537,0.0549321855932523,60.1948380513672,369.731411790333,-0.0379730904939993,-0.1017514618544,0.0122293132126762,0.0103158464399395,-4.93183475500605e-05,182.097998924629,194.597704452224,17.3831906333569,TRUE,TRUE,TRUE,"N2"
2019-07-13 11:30:00,3.62965932190985,3.26797046578047,0.362311189684548,0.281088727082716,53.9530177229311,472.421072001373,82.0187830268873,-0.144373515187536,0.00384683861575271,0.00755582275000947,3.1724879579675,744.585877308435,-0.0995325939399493,-0.0565307224727168,0.0292854015243439,0.0288189355934293,-8.06604310698649e-05,189.553482077361,181.629195526063,10.8170238864596,TRUE,TRUE,TRUE,"N2"
2019-07-13 11:45:00,3.70656392510224,3.22712773787286,0.263243515559026,0.247902447327089,47.7052558134972,376.491133321576,147.724613063724,-0.105974270324093,0.0223585049856258,0.010465769830893,13.9455052401946,462.230721301706,-0.045990423230351,0.0710904492158571,0.017674306678013,0.0168649099517372,-4.57779407829381e-05,182.738471328625,195.126492633883,17.8990994208609,TRUE,TRUE,TRUE,"N2"
2019-07-13 12:00:00,4.22775805440472,3.67316973604656,0.336215100275779,0.308474312994839,70.4951871716468,511.871515990329,400.89517613179,-0.139867967569381,-0.00434622486163084,0.0331259608350631,35.0201922672678,686.141451441293,-0.0364915757408182,0.0264494107941278,0.0168199019957125,0.0175567695518274,-0.000108627845621275,183.865304598319,194.782391201814,4.07347055399012,TRUE,TRUE,TRUE,"N2"
2019-07-13 12:15:00,4.7035394605409,4.12734982873766,0.384735229335501,0.359559758703784,55.1179780676177,486.412269478781,-147.036576539939,-0.120121414876358,0.0405582684513537,-0.0138631297908778,-10.7989903493008,832.781850272996,-0.0555975437902903,0.101957189449704,0.0368794247158982,0.0338509192292339,-0.000126061158970591,180.376749392968,191.010030775388,15.3662564744122,TRUE,TRUE,TRUE,"N2"
2019-07-13 12:30:00,4.0184300508515,3.37907578456685,0.409721248498679,0.320518852291113,68.1142291116207,505.642640191897,39.5957715906616,-0.170832767593062,0.0142900389027053,0.00311182692318927,12.8994234540369,637.568385618844,-0.0668834494257431,0.0201205595829975,0.0453237743732746,0.0474185742036229,-7.89240074225005e-05,192.304267710684,204.902051999344,13.831140770937,TRUE,TRUE,TRUE,"N2"
2019-07-13 12:45:00,4.99619415123274,4.12954882322198,0.319662044309259,0.368275704001979,25.9183119655252,396.611611277932,360.719506304261,-0.0407094921762915,-0.00606925469214123,0.0419585768981525,38.0026395932402,688.59708061731,-0.080988221890614,-0.0276623742179688,0.0474120686278472,0.0508623173520348,-0.000126396741402692,197.504770412985,210.770732399819,2.62472205729274,TRUE,FALSE,TRUE,"N2"
2019-07-13 13:00:00,4.76406759519544,3.96097666823345,0.41966230791864,0.355719357536826,54.4014929022267,498.22609572012,-66.291218176265,-0.130149494683096,0.0273049983470801,-0.0073132765393461,-6.95711068080164,479.207979986773,-0.0654523285648031,0.227797815052335,0.0423966784015876,0.0382871370726926,-0.00010286710991738,199.493756151175,212.828439279066,14.801973594801,TRUE,TRUE,TRUE,"N2"
2019-07-13 13:15:00,4.58800750866987,3.87654865489659,0.307798525368602,0.326720554222215,80.8627597915651,584.432941397392,459.580709525065,-0.182287242755085,-0.00343023897961462,0.0958315353235441,47.1954292575949,486.986601500986,-0.0395748582892423,-0.0352377335567485,0.0378022637373411,0.03900530466937,-6.34100812488536e-05,194.992196887214,207.187742013372,16.0008389963092,TRUE,TRUE,TRUE,"N2"
2019-07-13 13:30:00,4.92841804457064,4.01118432536803,0.352430022327281,0.333491660090345,83.0518161027814,618.969137641369,5.6663469263796,-0.207236132590101,0.0311187563911468,0.00635759956161363,2.15729544046342,416.401940535988,-0.0307160151278227,-0.00897538859431658,0.0323095012434857,0.0369560805715964,-5.38267153989786e-05,205.957287191332,220.168770272917,16.268631188833,TRUE,TRUE,TRUE,"N2"
2019-07-13 13:45:00,4.70169165200475,3.96653136987827,0.402700575527894,0.331504730162921,81.5417814610339,482.059727122219,36.5556926417381,-0.187994231298453,0.0253490820588234,0.0108789697213952,4.40687719483707,366.788704671883,-0.0548693158780493,0.170217230113236,0.049431904353258,0.0591101059383386,-6.08246551595536e-05,192.633149728186,205.000431828416,16.1656410012538,TRUE,TRUE,TRUE,"N2"
2019-07-13 14:00:00,4.47641377716113,3.65936559707467,0.368230440645545,0.327212864367883,74.4763713044832,478.806493115409,51.8481712484545,-0.163082852052609,0.0180568894510892,0.0128903144947201,3.94192664949289,165.663132086579,-0.0148762926927112,0.176967289960322,0.0387463259210217,0.0459577445123049,-6.27333767053654e-05,208.140174511195,222.348490799064,14.8812481168415,TRUE,TRUE,TRUE,"N2"
2019-07-13 14:15:00,4.73411206375379,3.78212478004845,0.312280456385539,0.31422683301147,71.4397095082251,473.381761282957,280.620266317484,-0.166905935994128,0.0239956433091906,0.0546249633839721,23.1513023032256,13.1476659962145,0.0118106930431135,0.261187541013849,0.0304679836082709,0.0292752588126918,-1.70296903448588e-05,212.537815654016,228.356756500884,16.2825304023102,TRUE,TRUE,FALSE,"N2"
2019-07-13 14:30:00,4.2016535800735,3.33722030553134,0.387167666431973,0.327655206417575,80.0573181487945,580.785134023179,277.056302249584,-0.223258517153606,0.00720712944848632,0.0546828720003273,20.2237304183198,226.986207148879,-0.0243510116601123,-0.191065656971027,0.045866387300198,0.0500684568163289,7.66742808747406e-06,213.551833937838,228.379082964081,13.2470505622334,TRUE,TRUE,FALSE,"N2"
2019-07-13 14:45:00,3.95259474674298,3.1698174817363,0.351521434063179,0.29305302708052,66.854648909415,441.869950225411,-134.715745611393,-0.188026593353806,0.0206916811442586,-0.0212084402415081,-7.44298183526871,385.421836632297,-0.0353039034871045,-0.327962833681648,0.0400311860456405,0.0430505369176051,-2.44816767279661e-05,209.607989021151,223.992504604048,14.2797280886013,TRUE,TRUE,TRUE,"N2"
2019-07-13 15:00:00,3.89669239138516,3.24640344976788,0.322721944796713,0.316483358000763,78.1579268903757,478.833550153893,479.406450506388,-0.175558618150337,0.00959260882449455,0.102965052911109,32.2839848114737,430.092439974071,-0.0283113321867363,0.238305917364873,0.0623287884477487,0.0538397135578597,-3.5667412864075e-05,196.025470429093,208.798183218059,13.3655859895557,TRUE,TRUE,TRUE,"N2"
2019-07-13 15:15:00,3.718855942143,3.07154828905084,0.313030503321582,0.262375504864149,35.2672290424907,294.824140636428,-209.146349239517,-0.0601862769507324,0.0259109627162624,-0.0442087875482901,-12.9518190583691,242.480391071205,-0.00943487533849698,0.25100978958658,0.0370811301991607,0.0342497341700248,-6.86921690335476e-06,200.317336486911,213.473749202562,15.7405234609197,FALSE,TRUE,TRUE,"N2"
2019-07-13 15:30:00,3.35708781644315,2.83192826430295,0.269928462104457,0.257029501040387,23.5771438165408,247.156748232236,420.292132621213,0.0169198476416119,-0.00629349398242611,0.0833068006388091,27.5336602651626,169.420662645006,0.0141486935930867,0.27956076081324,0.0204310605248587,0.018098719764881,-1.68987821348498e-05,198.025955617667,210.642874301965,14.609761397627,FALSE,TRUE,TRUE,"N2"
2019-07-13 15:45:00,3.79519837990123,3.07132850465541,0.294763890593563,0.25643032060328,28.3605933925295,249.678282157639,36.8588603204249,-0.0231150443476493,0.00195978411657194,0.0100921218961337,4.12048977033349,32.9795754680055,0.0268249799741768,0.195383518317957,0.0202411194434335,0.0164028480299653,-4.75023458295594e-05,210.908489530105,225.246265236591,10.9845172788072,TRUE,TRUE,FALSE,"N2"
2019-07-13 16:00:00,3.9416734195219,3.17431526340401,0.30968960321899,0.280788825683301,42.2734813806343,303.462892552848,334.2586942882,0.011692764885509,0.00990132249575315,0.0673905124423972,24.6238957675847,198.974476110572,-0.00591114091355339,-0.0773186690524977,0.0360318385639272,0.0311944215796104,-8.45355078029014e-05,213.557839146344,229.210974562706,15.0807167554573,TRUE,TRUE,FALSE,"N2"
2019-07-13 16:15:00,3.54108114130976,2.83979438176908,0.259213176095551,0.245159277519689,35.9758433104612,287.163271195364,334.068557687098,-0.0138522544765519,0.0150124941086751,0.0750260589330799,26.3518707489835,247.423693759612,-0.0189962049234909,0.118364012012959,0.0373408191251322,0.03687651623671,-4.38799544121822e-05,214.67526262442,230.339462492641,15.5380319322382,TRUE,TRUE,FALSE,"N2"
2019-07-13 16:30:00,3.25657073000585,2.637254248801,0.27807063908572,0.23786951142283,27.349280613593,231.118972316434,373.715345136231,0.0539794406551336,0.00117457488773696,0.0845938136677922,29.8670082439847,233.104983398324,-0.00925763053077976,0.188549378176311,0.0610901895754808,0.0664549591671197,-1.92295947206853e-05,205.196969785836,218.314871867943,14.7230181437807,TRUE,TRUE,TRUE,"N2"
2019-07-13 16:45:00,3.78655591343934,3.15502739440606,0.311662258026612,0.287081967414574,18.2679494330729,274.497875484605,279.626483925815,0.193524349972219,0.0105970077090863,0.0594725376017056,22.4928379397179,294.828064644516,-0.0121628997984484,-0.0582004724619889,0.0683866987198249,0.0786085031605721,6.91236938190156e-06,195.303731314231,207.80237225673,14.5639819233073,TRUE,TRUE,TRUE,"N2"
2019-07-13 17:00:00,3.66922707629665,3.02230635770401,0.270505386209686,0.281350611151614,4.56374353225924,210.099722582003,444.838974479705,0.0454388921894755,-0.010197122703461,0.0831190722372698,31.1981721721399,NA,NA,NA,0.0338019268116722,0.0416788396585488,NA,199.184813219644,211.61822873543,6.32360472282428,TRUE,FALSE,TRUE,"N2"
2019-07-13 17:15:00,3.85672233476549,3.11963508662103,0.295484682600579,0.254839917308821,-6.9655770602002,174.876741727624,278.128941337785,0.0791695246639211,0.00259184544566249,0.0564823379218627,21.7867488283885,NA,NA,NA,0.0242929007496796,0.0401485565196905,NA,206.641892680166,221.013949063813,16.6203168387518,TRUE,TRUE,TRUE,"N2"
2019-07-13 17:30:00,3.05704624675538,2.66649050103673,0.298927064669587,0.234719648276213,-15.3602659291258,187.367847653833,470.177007823244,0.133049701722174,0.00383825281435874,0.0871821645436526,36.3145901039589,NA,NA,NA,0.0416066131338461,0.0513528275295932,NA,180.480183337727,191.260670850522,15.1715436517911,FALSE,TRUE,TRUE,"N2"
2019-07-13 17:45:00,2.76721517010879,2.47734712474495,0.222075736918091,0.184717291458305,-15.9712016945477,110.215089780365,172.765557076926,0.137467194223244,0.011496267784403,0.0266358956882246,13.1182466986662,NA,NA,NA,0.0270368492344515,0.0108648034342472,NA,193.390384425958,182.651169130359,18.5486689036045,TRUE,TRUE,TRUE,"N2"
2019-07-13 18:00:00,2.79333455586333,2.49836827569875,0.238413209034666,0.178937134564205,-18.799029463231,76.3285422228236,-23.3632145854979,0.187570809907054,0.00570406332293759,0.00459635588275119,2.36963959174631,NA,NA,NA,-0.0268299069831489,-0.0439337074011971,NA,189.808239008413,181.078594098506,19.4576404563014,TRUE,TRUE,TRUE,"N2"
2019-07-13 18:15:00,3.10990569727238,2.83381766729161,0.222441372076462,0.197188684145492,-9.37795931245151,74.850770024644,28.9028596392381,0.155458139389708,0.002041867267186,0.0101944033440227,3.59475840667732,NA,NA,NA,0.0708372241695703,0.0527244115782438,NA,204.556430793327,192.113965771034,20.1328396418567,TRUE,TRUE,TRUE,"N2"
2019-07-13 18:30:00,2.37608846481739,2.05251951170288,0.216975307676198,0.153607302649152,-17.4174886549008,83.3976965715141,-3.19074241388911,0.291943680086519,0.00136584179803305,0.00751365505367794,1.99278745929066,NA,NA,NA,0.144415249974675,0.144554714816325,NA,191.680699543168,181.273547255749,18.4671033360254,TRUE,TRUE,TRUE,"N2"
2019-07-14 00:15:00,2.27316180846917,2.0483688554143,0.237290876502595,0.137973354611306,-12.4086112837918,17.852209691274,13.6812866178642,0.066850685949001,0.00177642798647538,0.00521844731001227,2.11893334304823,69.0606965632642,0.12979359248863,-0.0264642328531633,0.0469772217147674,0.0386670633342295,7.81114736467971e-06,224.357988780404,208.581942253567,20.917718455407,TRUE,TRUE,TRUE,"N2"
2019-07-14 00:30:00,2.4994588523269,2.20120987825723,0.170276541913394,0.134565736833173,-12.2500676583576,17.2525567663303,11.0897973749556,0.110515476056535,0.0014366462594516,0.00318385080047437,1.74784190492878,30.0118293758355,0.0522192474421723,0.0156887188995253,0.0183446778982525,0.00922191330959673,-1.81204989155451e-06,201.342207741337,188.950526919043,23.4174615068413,TRUE,TRUE,TRUE,"N2"
2019-07-14 00:45:00,2.92114547421275,2.64371673213224,0.222658231553034,0.167109475341625,0.318614120319493,-3.85696114126743,10.4523937165156,-0.274175918949936,0.00186298046689549,0.00448814319372491,1.01454286558059,23.365198269025,0.0195586980251328,-0.00231381455717357,0.0532441506815769,0.0341035362496744,1.28951167599588e-06,212.583186796139,198.764592688085,22.5282411817744,TRUE,TRUE,TRUE,"N2"
2019-07-14 01:00:00,2.3683244900403,2.14808898062446,0.257605999465994,0.136597918878597,-5.74194216145725,-0.697341750112847,11.3065529445597,-0.0712765533754174,0.00152342564689826,0.00643565515748199,1.98414317875142,32.6822291108989,0.0671675402187115,-0.050082635190816,0.0629399164218349,0.0499421195198368,9.38693167294312e-08,228.132488080962,211.99558435538,22.3717415193878,FALSE,TRUE,TRUE,"N2"
2019-07-14 01:15:00,1.94251842434881,1.743453478222,0.191095968950913,0.124524698925959,-8.32809927630723,16.7501865082568,8.72130425090685,0.134213649471368,0.0011726109083593,0.00291991302498386,1.61466110350336,28.1358857908969,0.0405314076940314,-0.0185765800258697,0.0559925792892537,0.0414962656050132,1.03998264361987e-05,236.486125893617,219.329502003197,19.5213708367297,FALSE,TRUE,TRUE,"N2"
2019-07-14 01:30:00,1.63587564913778,1.50987957269884,0.265600426201174,0.0895305370043956,-14.3693433831289,20.7248625731972,5.74947417852039,0.340176751938779,0.000961671731083698,0.00301092459915854,0.442171662428592,17.9927122200891,0.0416735674938122,0.0036811886146649,0.0457014044782616,0.0366904901078144,1.78552038589419e-05,213.379109802031,198.75795259117,24.2554794460232,TRUE,TRUE,TRUE,"N2"
2019-07-14 01:45:00,1.25682709446799,1.12827715519797,0.151509660407126,0.0664032351949419,-4.549651570686,8.64285111728833,4.15756019511725,0.0914241563657717,0.00073925185924017,0.00197948825718794,1.0991580121545,8.84368990849017,0.0257701158870723,-0.00115736822640092,0.0325265319443391,0.025465677489641,6.68870595573683e-06,215.480038889977,199.915919769566,24.4654343747125,FALSE,TRUE,TRUE,"N2"
2019-07-14 02:00:00,1.46525806850568,1.24703810052655,0.105140641694527,0.0854802155695838,-5.32539560246328,-0.0154479189293092,4.87252392862449,-0.0126585656344497,0.000922586410225853,0.00425735209168496,0.912127550024233,11.6213880939431,0.0311085460001609,-0.00431471516140741,0.0378383295637212,0.0282759418674137,8.48402600391442e-06,233.25753535408,216.231818004083,20.4922038290993,FALSE,TRUE,TRUE,"N2"
2019-07-14 02:15:00,1.5802457503729,1.42661775265946,0.228095211443483,0.103803008639702,-2.0895339020041,-8.70666122863325,8.25715860020089,-0.122847559316876,0.00129314076365929,0.00187231870524713,1.06249688269851,18.1632191399987,0.0561450707149237,0.0619180231078058,0.0656871798980054,0.0528854069674444,2.56246033188168e-05,220.208357107682,202.848030066112,19.0964878796247,TRUE,TRUE,TRUE,"N2"
2019-07-14 02:30:00,2.06401880477157,1.87207938093582,0.128564550989855,0.124675336096975,-6.85664775598256,7.10058723081268,12.8896410194266,0.0728352454841553,0.00143085669073161,0.00423468797258232,2.10652062039363,19.3690108247375,-0.0140667648452096,0.0453059892995328,0.0635986006081182,0.0465134815340577,6.60049069422954e-06,243.833949980552,224.946435168882,21.1978903999668,FALSE,TRUE,TRUE,"N2"
2019-07-14 02:45:00,1.90210884667973,1.73797868125248,0.159148256798986,0.117969258272735,-10.9772781026175,22.2513832329294,14.2601983321828,0.123045938149745,0.00151361480095981,0.00533604672695825,1.83351993591646,30.2765516534411,0.00591382389876014,-0.0510515463364135,0.063306190360877,0.0459366807478502,-1.51661919508469e-05,248.360170620938,230.022644817778,20.7299064711543,TRUE,TRUE,FALSE,"N2"
2019-07-14 03:00:00,1.87094921622821,1.69239319695222,0.160454040880609,0.100870018643557,-6.1758553186964,15.2977634900386,11.7115626454641,0.0651318451817825,0.00171919793059106,0.000935855671792972,1.44084768357816,31.7412688210716,0.0678599507603708,-0.010041637547085,0.0390317114842203,0.0334681723213594,1.96508753800834e-06,244.103956002168,225.871990862648,24.1124451895745,TRUE,TRUE,FALSE,"N2"
2019-07-14 03:15:00,1.9514626239042,1.73601098336624,0.181050656789949,0.130521641211005,-2.86267183156866,-0.529137011725252,12.6095727282467,-0.120016250911954,0.000403156135416908,0.00405461662452871,1.54453072942983,40.8542942918521,0.0590893492352269,0.0195560585040506,0.064792182261102,0.0544326947020016,2.96165918288452e-05,233.652360856794,217.686085027302,18.3655457128392,FALSE,TRUE,TRUE,"N2"
2019-07-14 03:30:00,1.82847602619683,1.65033418259412,0.178553753313235,0.0995889112802159,-9.94154555764452,16.3524302189034,15.2232175155912,0.0888286014614146,0.00145928538973085,0.005747134948578,2.20351539639347,15.3419292190206,-0.0163596239872103,0.0240429344137303,0.0545220316414953,0.0439908309449679,1.55754371101874e-05,239.696532707287,222.199585979362,23.7708045822742,TRUE,TRUE,TRUE,"N2"
2019-07-14 03:45:00,1.77326472603014,1.59118905509722,0.246598485253452,0.141067998585111,-8.11941936864925,0.590759341576672,10.0936862879762,0.0401706834919184,0.000966332713252819,0.00366191488030539,1.34048463654071,47.2865322011161,0.0339624364496466,-0.00729295014357238,0.106619594135169,0.0852635357737735,-1.02931156110167e-06,232.411691201875,215.690066911584,15.0390232556713,FALSE,TRUE,TRUE,"N2"
2019-07-14 04:00:00,1.81165286653505,1.65474160291825,0.0941998669591636,0.102952425363406,-9.61784215241537,17.1025486151118,13.0986798174564,0.119800061871918,0.00136536287250316,0.00377775136638219,1.77428826878901,31.6227376490406,0.0599965050567771,-0.0060028478548905,0.06385111010892,0.0477120378450111,4.2940250889614e-06,242.422617507832,223.310540305714,22.9460309941706,TRUE,TRUE,TRUE,"N2"
2019-07-14 04:15:00,1.93371495554766,1.71035698422581,0.129927857470879,0.110635634766261,-10.3647050445237,20.6430151214425,10.4656101925055,0.12730218020962,0.00126858560730548,0.00426710863056361,1.43162507437579,21.4225382201325,0.0283453702821281,0.00418484329410948,0.0467454160732353,0.0362404260596408,1.54980548152595e-05,238.890134519748,221.603287640541,21.9314526583321,TRUE,TRUE,TRUE,"N2"
2019-07-14 04:30:00,2.17566704025583,1.95038121229548,0.226183481096515,0.103052826565997,-8.62527827714763,11.308133168007,12.5067139717118,0.0464318155007561,0.00141159873660691,0.0049591476015757,2.12062595802611,17.5652227338131,0.00477474088132279,0.00423414176003302,0.0358942012507953,0.0281979814867533,1.36806413182993e-05,231.116304784632,213.984940767078,27.6676374563946,TRUE,TRUE,TRUE,"N2"
2019-07-14 04:45:00,2.41625822783243,2.17633388311127,0.118853991292897,0.151766833275166,-14.4543700720082,25.8302306985074,17.9705184723605,0.137742173891125,0.00186097543311959,0.00574363673213049,2.10632750476448,31.8431438787106,-0.0508270529168311,0.0161841406559619,0.0652398279262887,0.0449930301678381,2.6292311377939e-05,242.998801737418,225.007531206279,20.0814438702719,TRUE,TRUE,FALSE,"N2"
2019-07-14 05:00:00,1.89314475792836,1.69658866795626,0.13659053990065,0.14422085950455,-16.1504191280838,23.8083221766741,16.5771237605099,0.16038897520067,0.00135746363788862,0.00430182239071506,1.32890879337482,29.94647731362,-0.02556118270869,0.00662829030512545,0.0591200873923133,0.0404633322919073,2.59183628893341e-05,235.311644681298,216.03864838666,15.8344400509933,FALSE,TRUE,TRUE,"N2"
2019-07-14 05:15:00,1.70984188613205,1.5374163674052,0.225265336284692,0.0916498098494219,-21.5416665051035,32.2580595369783,18.1681819410942,0.206605701997284,0.00167316231307637,0.0101472634125664,2.93630607950504,17.6636082636226,0.00538162987157223,-0.00246074595897327,0.026609861138419,0.0201199569561093,1.3830831926346e-06,240.448130610638,221.53521525234,24.1073808331447,FALSE,TRUE,TRUE,"N2"
2019-07-14 05:30:00,2.08213120385738,1.90733482187848,0.0912447808866099,0.135951671464164,-11.9692082383169,15.9845652768703,15.1979308384223,0.0856303415593899,0.00209900744101903,0.0047111138370609,2.1957877208265,42.5238005154381,0.038846047799645,0.00847283244814903,0.0624191255114768,0.0502825338401289,6.73639186568269e-06,248.49021647254,228.754727340842,19.568665231867,TRUE,TRUE,FALSE,"N2"
2019-07-14 05:45:00,2.15591407415984,1.95455263886648,0.10215110902565,0.134057488621653,-1.20710076540248,31.7030819298704,22.8235729827701,-0.117431344611179,0.00162660652864449,0.00613803186832399,2.47673988575956,52.767836754463,0.122700379366261,-0.0452371662086542,0.0646675089672526,0.0562178873284251,2.35963395006572e-05,247.568744526162,228.922031773088,20.4778983930451,FALSE,TRUE,FALSE,"N2"
2019-07-14 06:00:00,1.90041315212388,1.71129861355142,0.0744683304768634,0.127573310996389,-9.09750817323078,27.6740765548473,30.1148007074654,0.0926096426598954,0.00189938466887977,0.00869168944756989,2.07273951476128,48.6634951669836,0.153947068691008,-0.0456910903020744,0.0615023640256079,0.0568041176236469,1.63106919733348e-05,246.670814497222,228.269818746785,18.5530847255224,TRUE,TRUE,FALSE,"N2"
2019-07-14 06:15:00,1.3164312949996,1.20140195270651,0.137129559943389,0.108512826833628,-9.67453996287833,33.916846275693,38.7525464632542,0.184992020029076,0.00161584918851063,0.00466758427335717,1.57807395151218,80.2483043774557,0.047558925559894,-0.0253543105788264,0.0641937220896807,0.0571052480771774,6.85461147746349e-06,239.665624201677,221.197467614497,14.6976662497739,FALSE,TRUE,TRUE,"N2"
2019-07-14 06:30:00,1.18987406263057,1.12165539124842,0.205416714330168,0.0601453762138767,-1.82560818968306,64.2710594241686,50.6672674442445,0.129986571438198,0.00114315491937786,0.00294000076956193,2.16953051424374,58.6034585790483,-0.000683935386517596,-0.00947919379115274,0.0330948703985476,0.0296676043558719,5.87889113915706e-06,220.251364985597,203.997909359373,27.2091505554974,FALSE,TRUE,TRUE,"N2"
2019-07-14 06:45:00,1.45216474712839,1.33013637078205,0.178139932294723,0.115366225121727,3.36380845465617,85.6068535011437,60.2512832316625,0.0516277369133934,0.00119060141143762,0.00373673531116455,1.97272214853714,152.198639404004,0.0754281854155465,-0.00938793023183764,0.0711550210786212,0.0649354396994561,-3.32316618648395e-07,229.922077944313,211.408758599604,15.4496786711874,TRUE,TRUE,TRUE,"N2"
2019-07-14 07:00:00,1.73480848886755,1.62646297026332,0.264018028992265,0.10181698244662,9.67591013172984,85.0181927601257,-12.8398688754792,-0.0967531516175698,0.000752042977858503,0.00281792450815348,0.893737256127591,149.547507143368,-0.0652385685690514,-0.00858392687774207,0.058296856333073,0.04317862180654,-2.43693568381122e-05,238.059679434674,221.037888457441,22.7831173549265,FALSE,TRUE,TRUE,"N2"
2019-07-14 07:15:00,2.00215632072888,1.85763422807216,0.193765884548292,0.145584352561416,24.2310026494225,138.148557727056,0.218998146804836,-0.284984840883365,0.000888340487684481,0.00525182097127895,0.146671330890309,309.042664071887,-0.206668196605532,8.9825832398182e-05,0.0841396684583905,0.0608765985546424,-2.39363315430734e-05,201.422156673029,188.797986804212,17.4739984362035,FALSE,TRUE,TRUE,"N2"
2019-07-14 07:30:00,1.8470540554684,1.74141486191198,0.162906303099072,0.117258405793426,18.6368060669223,104.1587275425,16.8732942831285,-0.123790935984539,0.00299036530910581,0.008108298463563,5.80565511754859,396.680778471479,0.065296503703108,0.00731551093088773,0.0997891632467777,0.0896973425173465,2.71289035105286e-06,202.553611083522,189.352000054308,20.9259297747436,FALSE,TRUE,TRUE,"N2"
2019-07-14 07:45:00,1.90279015467994,1.79606319345225,0.183839510970475,0.124670240004529,35.0824819869875,255.946289600352,99.7244932350973,-0.161183062236576,0.00590625879342477,0.0068131215285054,11.4661628511265,457.379151135315,0.146466678094604,0.105569045506083,0.0826313218245649,0.0806977037791423,-3.56890396106869e-05,194.569939524062,181.717253870594,20.1913421576379,TRUE,TRUE,TRUE,"N2"
2019-07-14 08:00:00,2.10740626516941,1.93705730136409,0.193042156088858,0.131202291655289,34.32189918839,190.938801489147,184.749973487357,-0.0693224983341673,0.00290359168392115,0.0133765474540264,24.9645715558235,290.96110150771,-0.0167733983143201,0.0874090699679467,0.0281760659821129,0.0261770237210113,-2.47363498844085e-05,199.838066769329,186.603819006879,20.7818406464825,TRUE,TRUE,TRUE,"N2"
2019-07-14 08:15:00,1.66452093498808,1.57985208587126,0.176983553159026,0.121289288352894,36.5825159365489,174.487775844659,7.74743546535324,-0.0856198985344727,0.00714871775900534,0.00809634016971929,0.74061681230042,515.8621922865,-0.126395299250958,0.111757699315985,0.0842938600307165,0.0698446762821865,7.39944602833083e-06,211.498439760142,197.562679688145,17.9118858103266,TRUE,TRUE,TRUE,"N2"
2019-07-14 08:30:00,1.81515022337642,1.69827757262333,0.209156240500146,0.142832641310379,50.8380319840316,259.111510934345,188.184463682202,-0.0291748066647877,0.00194802382036836,0.0121404547478576,21.8720046194577,542.944770355255,0.100371581913986,0.125709631395802,0.130932173167596,0.116754525569075,-3.00984575098894e-06,229.462593458112,212.042096474954,16.0418750422135,FALSE,TRUE,TRUE,"N2"
2019-07-14 08:45:00,2.18532625055346,2.01890621650316,0.252310527121,0.150019292759741,52.1658315775999,236.776925229957,158.125881241622,-0.148506918394218,0.00664923266762123,0.0108287174348888,19.6520780532717,434.141949258746,0.0418519160672653,0.10677447627067,0.0906390162395354,0.075903696042052,-1.82891581750899e-05,216.409032783684,202.257176179331,18.6247046737096,TRUE,TRUE,TRUE,"N2"
2019-07-14 09:00:00,2.20531588059761,2.09262992639156,0.29882760365622,0.201013938173237,73.7123427593828,279.078161824239,40.4738818174534,-0.205878168785564,0.00176419750897146,0.00728908449990554,4.28884979489245,1187.72483422297,-0.308632441160924,0.364757683319762,0.19462175503051,0.149577670101576,-4.58867581529587e-05,218.471815765679,202.88344062349,13.6150223749425,FALSE,TRUE,TRUE,"N2"
2019-07-14 09:15:00,2.06126075102947,1.91942653433469,0.143561693450211,0.167083103576789,69.1087985839049,240.607561007079,193.841972519584,-0.164764947998337,0.00302298549002003,0.0107800243966417,22.9128116629887,658.287022141682,-0.0477509118217077,0.245786062706021,0.0875155713122937,0.0896122474593288,-1.17488178434033e-05,206.91696183271,193.781127954052,15.3809683032646,TRUE,TRUE,TRUE,"N2"
2019-07-14 09:30:00,2.35108228767513,2.10588497197451,0.237914280887421,0.241963208595239,60.9422164510308,310.209204330972,-135.681410624904,-0.139161080603652,0.0241355140862974,-0.00559774870965554,-24.6640243373196,718.969260490161,-0.00895432302233099,0.278520146114036,0.0821030573200694,0.0921097986188716,-8.10180694212804e-06,180.216164549686,190.60511218809,10.8404145296417,TRUE,FALSE,TRUE,"N2"
2019-07-14 09:45:00,2.01349601582532,1.75438689449573,0.149924852450347,0.163100776723508,91.3773661229699,312.641876865887,42.9402743659567,-0.233359397572661,0.00148619814930472,0.00447993918464779,1.6443236900507,295.360755039354,-0.0631354824020505,0.0972934397474266,0.0396150842203512,0.0320918108557502,-1.58112786162914e-05,189.706756750056,202.154052243271,14.181333866451,FALSE,TRUE,TRUE,"N2"
2019-07-14 10:00:00,3.11064497638451,2.5539180275476,0.22093465518339,0.271666064469651,77.1099120910525,316.149663205983,16.4222738192138,-0.146253571535996,0.00231610259383598,0.00468883897696828,0.825830380462179,303.038261954522,-0.0987867444745963,0.18128439728301,0.0584599847212647,0.0442671352413767,-1.41827312657284e-05,201.468645450852,214.274717814779,6.66684819223876,FALSE,FALSE,TRUE,"N2"
2019-07-14 10:15:00,3.24187072671945,2.76778527385584,0.273407751374854,0.224420594249199,98.4158291803079,362.523974029889,71.0991376729665,-0.285430831773368,0.0059142142095554,0.00697231877382656,7.5477908387402,167.884302505484,-0.00488504583458518,0.226287405842244,0.0437349718320031,0.0351941242746041,-1.47130135202678e-08,196.050332548184,208.321784819234,16.7709163989521,TRUE,TRUE,TRUE,"N2"
2019-07-14 10:30:00,3.14047769543774,2.76046399395214,0.261540335203192,0.239692217232545,106.938163466386,307.695779265219,-4.76086380218018,-0.268134157725495,0.0109841784734578,0.00378568876641876,3.30582596770569,368.837248255761,-0.0265044208383626,0.276846410260714,0.049906496766324,0.043579169204415,-4.78021432482101e-05,189.086910739482,201.047764077452,15.4283511666273,TRUE,TRUE,TRUE,"N2"
2019-07-14 10:45:00,3.19674557051811,2.726833603896,0.258831482784392,0.23429302149074,121.820193534576,380.572369679729,25.6033229571437,-0.332350443052554,0.0175259439952603,0.00739617496119373,0.969533513679968,331.347122318397,-0.0478938599345075,0.249146851313354,0.0331767560612259,0.0294781732066466,-6.3208933134572e-05,197.433613626227,210.151999935963,15.6285587758457,TRUE,TRUE,TRUE,"N2"
2019-07-14 11:00:00,3.32431828825471,2.90758567338211,0.355023511470758,0.292419946400789,154.837257489659,399.732809740162,-35.0490042031863,-0.406508141423119,0.0462658142966965,3.30263361365151e-06,-3.94874195287659,558.345949161949,-0.0702039130632038,0.24197636086904,0.0515958138906856,0.0467718609378066,-9.77001465137034e-05,185.531562599588,196.772869878427,12.8522353425041,FALSE,FALSE,TRUE,"N2"
2019-07-14 11:15:00,3.74676404886261,3.08178791207086,0.276131203036228,0.29420055811815,148.066838762427,355.550194197291,146.802507039988,-0.397597343719073,0.00180268935343788,0.0189782109180854,10.9442290339671,407.627730814565,0.0391594563734729,-0.00349142564651444,0.0600453075028926,0.0797465377526292,-3.19160915745817e-05,205.286185902569,219.049684944927,8.43961349497606,TRUE,FALSE,TRUE,"N2"
2019-07-14 11:30:00,3.38435342096774,2.62286232131883,0.388734221866539,0.285560099204123,123.190687967617,222.371920474569,142.168529973073,-0.303162336755785,0.00475401868884402,0.0230216905610707,11.0411597293398,180.885202573852,-0.0164613278741351,0.205054936486658,0.0610869068838371,0.0691331188141523,1.01590625798538e-06,249.527209758941,271.817702604416,11.619406178099,TRUE,TRUE,FALSE,"N2"
2019-07-14 11:45:00,3.43940933819733,2.59177978710141,0.331602112049665,0.285357963201921,110.146218678794,226.54678758656,194.212335261524,-0.260610543649975,0.00715303792921865,0.0337750928420376,15.6494695991353,1.63340204358721,-0.130739649246445,0.088900088056892,0.041350293446307,0.0237166061381729,4.07790618223443e-06,248.235787854067,269.491417460735,11.4534574064583,TRUE,TRUE,FALSE,"N2"
2019-07-14 12:00:00,3.1397363930153,2.35817402652602,0.337745123769879,0.280380277855649,107.562312287599,384.898350884513,179.188599755736,-0.520927004595788,0.0104931277997034,0.0407611445853814,14.1217245602729,-3.57546203751758,-0.047239153198416,-0.0377153535883888,0.0417432886079852,0.0381756039514125,1.01204482947707e-05,251.050438283491,273.547037043077,10.3689547314352,TRUE,TRUE,FALSE,"N2"
2019-07-14 12:15:00,3.34592201556232,2.53375444254149,0.327112211580015,0.286865809269005,136.815091383642,360.925401545446,308.916841642216,-0.326377961104031,-0.000421564270225924,0.0695735104679036,19.5366560492783,1.20954444701732,0.0393688589680795,0.0160828980726437,0.0459876619732871,0.0513253035822753,6.25863520122117e-06,247.190428529925,269.088993449777,11.0490335138443,TRUE,TRUE,FALSE,"N2"
2019-07-14 12:30:00,3.33647044434333,2.57581683236885,0.297860698560289,0.265796012624684,122.714325203167,249.711627161399,91.3735322860691,-0.234997008565006,0.0155286261214898,0.0262602861448583,6.80934380900649,11.4223255150573,0.0186001415135904,-0.00736942802368448,0.0418081927971504,0.0403305827095403,1.30816881383568e-05,238.569167138353,258.023966132153,12.4413406730923,TRUE,TRUE,FALSE,"N2"
2019-07-14 12:45:00,3.27816669728262,2.50892731057904,0.347591024104278,0.305990089586921,173.352738106861,333.963020404495,114.616088310881,-0.376683387286534,0.0132745890834041,0.0235368002067243,5.71178606247634,-5.81971832614636,0.0350578571204678,0.00311956267972762,0.0500764838200843,0.049776116663551,1.30643485466311e-05,241.349812945337,262.581435653153,10.0297238734834,TRUE,TRUE,FALSE,"N2"
2019-07-14 13:00:00,2.71505846702023,2.1222514860806,0.295679697148713,0.243761925346261,178.495049827129,307.677316569459,152.391371944082,-0.351139531352075,0.0162242774357429,0.0437413142957579,7.01228475321081,-5.99460065095518,0.0292426365418592,-0.00844146715633039,0.0406077380246169,0.0385881605530492,-1.6734721755033e-05,227.955744969034,245.519116300393,10.8451251165258,TRUE,TRUE,FALSE,"N2"
2019-07-14 13:15:00,3.0351446518379,2.37909442184464,0.292463635039638,0.282676887730955,175.623999577995,383.033688464996,124.593912801717,-0.446075641567115,0.0172118615857305,0.0255865497406747,6.39832949988826,-7.95017960788903,0.0373950086021975,-0.000981453174939293,0.0525813989038154,0.0487987307248148,6.35098867128154e-06,225.820865084577,243.218125339838,10.378081730818,TRUE,TRUE,FALSE,"N2"
2019-07-14 13:30:00,2.76740257461758,2.12904217410531,0.258362781180897,0.252946560240044,107.444867149929,262.918218047039,180.034548542494,-0.229317932857186,0.0129413867912616,0.0349105468272546,6.61468284476295,-11.0148763368729,0.0243931199096394,-0.00643638152285476,0.0474678763105474,0.0443664226335674,3.00040378453472e-05,235.254801245064,253.725868773089,10.3791447144792,FALSE,TRUE,FALSE,"N2"
2019-07-14 13:45:00,3.35943614582827,2.62220580352449,0.328733019090997,0.251920856500094,154.451548944278,292.65332175063,236.371845138768,-0.382866341772402,0.0048475965391651,0.0473115311277333,8.05005878860663,-33.5092912208658,0.0175897482226207,-0.00336970562616376,0.0460921738486834,0.0421506167084887,3.67741521937758e-05,223.729527916193,239.58224341291,13.6125297351939,TRUE,TRUE,FALSE,"N2"
2019-07-14 14:00:00,3.31268894606765,2.51812887177057,0.347191217960241,0.298326495015693,161.997418756616,312.950479893077,170.098821221484,-0.348607873299639,0.0123304053431073,0.0361613315068762,8.11157993036781,-43.5643073647595,-0.0266951181172382,-0.00576796060441014,0.0582271397303553,0.04397902514995,4.67477761891828e-05,246.67686276447,268.497046823518,10.41755854353,TRUE,TRUE,FALSE,"N2"
2019-07-14 14:15:00,3.11333573516702,2.38290789885168,0.316914418782187,0.296377821427917,131.833291046562,278.437172484924,-48.6126309639618,-0.226978732490904,0.0105385542915107,-0.0131824942782929,-0.0419092600863469,2.63011531869987,-0.0245134538593596,0.000969036557202576,0.0597800340203899,0.0433143401547727,2.42747909164836e-05,243.810104147382,265.027728697508,9.77459443413805,TRUE,TRUE,FALSE,"N2"
2019-07-14 14:30:00,3.27003057229827,2.56366211081892,0.273293318594218,0.252961468712728,166.4726783008,272.736205584278,174.24076832272,-0.370059875043909,0.00242434667005974,0.0388966864250276,9.29619193006459,6.32402703071897,0.0393826763845114,-0.00130261581751781,0.0486121779262827,0.04330249261162,5.7524073886669e-06,228.325242641732,246.952070424664,13.1645008149382,TRUE,TRUE,FALSE,"N2"
2019-07-14 14:45:00,3.02252373497058,2.40917319101695,0.350491773374384,0.246385078600361,171.322219874388,245.890789140984,379.120223210869,-0.381779490283119,0.00849561572808688,0.0851275318691597,18.018514040448,1.64067138217543,0.0583045048582188,-0.000749744393888157,0.0530016405162981,0.0507030659011281,1.31179157142909e-05,221.290564077857,237.461964542422,12.5831938082501,FALSE,TRUE,FALSE,"N2"
2019-07-14 15:00:00,3.01433513938085,2.40314412433623,0.232640596278834,0.22707101739682,128.036509157778,203.95579907882,294.442138681745,-0.399915130080187,0.00835260438956488,0.0667566119334229,15.1960571986379,2.59324942604503,0.0541082591509058,-0.000773251425175792,0.0421427904520312,0.042346301682394,6.67721764916198e-06,218.924348131562,235.3988594563,13.8977477674783,TRUE,TRUE,FALSE,"N2"
2019-07-14 15:15:00,3.01727424389204,2.37138053229793,0.273473407179221,0.229366434149606,123.129312177901,225.460798788783,174.57109215077,-0.260521801177248,0.00662097569562753,0.0463956009402734,12.7671670269992,1.32578713453681,0.0287356891298498,-0.0003995521636408,0.0328943060551702,0.0287773585796074,-1.6762945239926e-05,225.198906620665,242.912862295466,13.4980808397345,FALSE,TRUE,FALSE,"N2"
2019-07-14 15:30:00,3.56435084844644,2.95949544739918,0.278578297913911,0.266850858771973,127.558250205137,277.712797439217,-18.996668030126,-0.29835232724728,0.00579630122068414,0.00699344729644981,0.901392046764838,-2.90290630034449,0.0164800956594328,-0.00228098924334839,0.043815886295549,0.0340204805648037,-1.36635173490813e-05,198.128231194743,211.452970698771,14.7287068682867,TRUE,TRUE,TRUE,"N2"
2019-07-14 15:45:00,3.75680113051412,3.06638858925735,0.317597125416752,0.285568122153329,130.950799493691,243.169073830191,222.292512618878,-0.289947203385056,0.0166570891368882,0.051550927974843,13.6000591952096,0.0640915579147468,0.0424658181488771,0.000748997933020872,0.0543814917954268,0.0510299772036748,1.42073621179976e-05,207.460081945409,221.085172412198,14.1508638541827,TRUE,TRUE,TRUE,"N2"
2019-07-14 16:00:00,3.33748943584419,2.66792037905489,0.276741667646845,0.242166689052504,110.697017218724,209.607119363241,43.3611331100199,-0.224639386364118,0.0025963780272966,0.0109873915279458,3.36416406747595,3.50960404109346,0.0308016194477193,-0.00158035598263452,0.0389594215348382,0.032162374703785,2.07971473982787e-05,214.7639932994,229.686996949761,14.6080637909003,TRUE,TRUE,FALSE,"N2"
2019-07-14 16:15:00,2.69765751536861,2.12709226482195,0.249230172723205,0.224605660433507,89.3247916541069,175.591086402877,-121.31326285589,-0.146395151811733,0.018724822105244,-0.0297979452588062,-7.43543881207496,2.70397136813225,0.0257639304032815,-0.000407917963157894,0.0361976171786156,0.0280195676062307,3.20642806853177e-05,217.758469513813,233.349303672615,12.0825618638569,TRUE,TRUE,FALSE,"N2"
2019-07-14 16:30:00,2.67368603032255,2.10552130664768,0.254123867631417,0.216296017250201,64.4727751374846,187.991894942008,225.042681559513,-0.107908139662173,0.00366191940262644,0.0543517230814926,15.3635092886609,-2.58771545940131,0.0244613121057432,-0.00158750427069375,0.0343988378989508,0.0245973624116191,3.24385598696282e-05,215.748559455378,229.741628549208,12.5121359971499,TRUE,TRUE,FALSE,"N2"
2019-07-14 16:45:00,2.82071415647256,2.19518231360322,0.282817627703168,0.23031529268662,71.4617558322792,168.982948198699,52.8007966007486,-0.0933376934126376,0.00444582419735891,0.00888991064433258,3.41923552240714,1.12739722346786,0.025108227504597,0.000261075048560554,0.0405174685549379,0.0271959485823376,2.31892185803989e-05,232.38486159974,250.571334493989,12.1814841537238,TRUE,TRUE,FALSE,"N2"
2019-07-14 17:00:00,3.18359502259806,2.39526133894287,0.26077432562795,0.257548303805659,60.6735138726436,120.635262840196,158.352529443698,-0.0947705586434231,0.00296504629177262,0.0443970792803044,12.7177087801903,2.07470787924375,0.0264465439012127,0.000570385792021535,0.0512095312938796,0.0450752340373484,4.32328694707837e-06,231.782637225838,250.583895160462,11.8063524262525,TRUE,TRUE,FALSE,"N2"
2019-07-14 17:15:00,3.13927867775464,2.392048097255,0.239205191871616,0.229858797793396,44.4647496204212,102.663480299659,124.184109298041,-0.0630349339071991,0.00823094678664609,0.0349428472859988,10.5862274409484,-3.22191344721631,0.025475737222242,-0.000271824886771473,0.0445505969905888,0.0391758528415475,-1.09090181161716e-05,235.758252609074,255.282163104811,13.6088518742336,TRUE,TRUE,FALSE,"N2"
2019-07-14 17:30:00,3.17977716623662,2.41625538749166,0.228128735364631,0.230560707688442,27.6973788517634,88.6548581043699,72.407253273695,0.00370235097254097,0.0107235666796953,0.0163529994190157,7.10727202796515,0.715135503520889,0.0171932438839896,-0.00101492094154845,0.0420011450782035,0.0265832883722,5.39970505210622e-07,226.362689693406,245.231088213443,13.7287291974529,TRUE,TRUE,FALSE,"N2"
2019-07-14 17:45:00,2.45385754784504,1.98023394597338,0.216036092563239,0.188944848725932,12.8942858864853,75.3618525430548,51.7233693632065,0.0509343480773003,0.00126400576317753,0.0170983864081667,5.69515571629475,16.2280929045929,0.0329645975793565,0.0021001095882287,0.0505761384501117,0.0394334210601061,1.9046425882338e-05,210.650241412794,225.373773787995,13.7296726979093,FALSE,TRUE,FALSE,"N2"
2019-07-14 18:00:00,2.16342299603981,1.72639431742754,0.179398238357245,0.170816949861374,5.07516260268315,61.3513157055958,15.9837134017897,0.0582674725650172,0.00188000349261946,0.00716876152806883,2.08001787298361,-4.95242110124978,0.0428034921176412,-0.00465576569952957,0.0482602305914443,0.0403143553396483,1.7332862052279e-05,209.678830562864,224.095059464195,13.118956797674,TRUE,TRUE,TRUE,"N2"
2019-07-14 18:15:00,1.88202190594893,1.40668625750284,0.137626372604387,0.134737042384419,-0.727074524192127,32.3632041270823,33.5766231171525,0.0644882582980383,0.00305836729204649,0.00867035062435703,2.19124667539199,-10.5281072527615,0.0267525717848943,8.94425478757465e-05,0.0261848798447674,0.0175859506028632,1.67250855085633e-05,230.814172553838,250.204900274524,13.6638469730084,TRUE,TRUE,FALSE,"N2"
2019-07-14 18:30:00,1.96829979289799,1.47100912899779,0.200456532142032,0.174014778160988,-3.11719301414389,49.3172843346143,43.0810339166711,0.097583105784353,0.00215562893556628,0.00991822027764609,2.70206415168697,-1.79615515581582,0.0198818805187764,-0.00351881486172976,0.0394817581624414,0.0230091738032389,3.04693203882909e-05,257.144984612943,282.070454575125,10.4376806641747,TRUE,TRUE,FALSE,"N2"
2019-07-14 18:45:00,1.3765420429046,1.05686339869473,0.155373718984468,0.127043095896338,-1.75118277040633,51.6275669642761,28.2289444916414,0.11716998237545,0.00174037290766017,0.00673776237843727,2.30913014287306,-1.63980456596578,0.0100083834083617,0.00137147605488157,0.0307562489789161,0.0243174301013099,1.25721932230653e-05,267.99451921821,293.553828006307,10.2216037891625,TRUE,TRUE,FALSE,"N2"
2019-07-14 19:00:00,1.07512537403266,0.81772168664194,0.131821649019048,0.106743456169272,-0.290160408381133,25.0985528960236,29.652273276627,0.0404130183556388,0.00141211695934548,0.00697143799303502,1.54502353394336,-0.6983726583289,0.0288473952214645,-0.00230689779676565,0.0259459416703765,0.0249160477152034,1.18074709836039e-05,270.418702642511,298.472030981397,9.16915679758402,FALSE,TRUE,FALSE,"N2"
2019-07-14 19:15:00,1.80721458729302,1.39473918236689,0.164288400470563,0.138140821960918,-4.02942528951382,26.2938910404749,19.7639053270888,0.0886090990864635,0.00153380561587055,0.00770072915828942,2.36567019239859,0.178083211203238,0.0278505686299098,-0.00216285441658227,0.0324237009923762,0.0193039818622718,1.32151719601299e-05,227.994897346638,247.599053218169,13.102327420878,FALSE,TRUE,FALSE,"N2"
2019-07-14 19:30:00,1.77766730054645,1.38556622186094,0.170149287507317,0.120065066380259,-3.88382000776095,32.2456243715082,19.9403076119586,0.10923131488551,0.00121106065852036,0.00801691405609718,2.06826992302384,0.686013463326151,0.0123932750264605,0.00340467985784423,0.0298054105505862,0.0170228177676036,8.44977992204209e-06,215.343421738957,230.888095295148,15.4668315354182,FALSE,TRUE,FALSE,"N2"
2019-07-14 19:45:00,1.28463238132284,1.03641967870103,0.108041886946941,0.0982330007378255,-5.07696847254988,46.3701769348667,16.3352608447345,0.181405863997477,0.00125928036251387,0.00726537457374096,-1.70180557373828,1.12655802747632,0.0186207965757304,0.00515776155360132,0.0340802230699962,0.0241095369080451,3.41360230708703e-06,199.197563497143,213.904760539565,13.8444061727668,TRUE,TRUE,TRUE,"N2"
2019-07-14 20:00:00,1.25567879618265,0.993198140808509,0.077071103080971,0.103497402641138,-3.18557002965297,29.412435254733,21.5977231314605,0.100020398954982,0.0021033946642718,0.00871311363164746,1.24141040049359,4.80508812065475,0.0414415582562223,-0.00142182205244073,0.0392650577811633,0.0324227886159802,-2.63095931866257e-06,200.656715793453,213.670803835487,12.2874286141129,TRUE,FALSE,TRUE,"N2"
2019-07-14 20:15:00,1.13721682710221,0.983523808271179,0.0827221555636491,0.0681795610580784,-2.91468756729795,43.8563370544866,17.1425641080383,0.111829869964191,0.00108851387852952,0.0043401693941325,1.21115539665163,1.08460545834734,0.0463298979223361,0.0168800085792448,0.0405979409755918,0.0320607304207956,3.64423488171466e-07,183.634174257997,193.81924838165,20.2227008333457,FALSE,TRUE,TRUE,"N2"
2019-07-14 20:30:00,0.858161050699841,0.690936066085951,0.117089188501686,0.0836862652306834,-4.37778138574799,40.5851069558244,16.0450740901522,0.184761941373307,0.00068693693994972,0.00501030296232134,0.900980708957623,0.451910501624122,0.0722725924809396,0.0120931882447323,0.0698106749330956,0.0536702774816918,-5.51015303802521e-08,189.217480735369,202.082679466218,10.1209894992859,FALSE,FALSE,TRUE,"N2"
2019-07-14 20:45:00,0.921442353321023,0.731859455324344,0.0849877490330323,0.10077893503206,-2.62537825026474,29.7697817064752,17.1198471553559,0.115266706433969,0.00087095346324066,0.0048334847771196,1.37265437609162,3.27597809514948,0.173630508251451,0.0272309626421482,0.0871777207564744,0.0784560452311521,7.84980533291637e-06,195.206947366939,209.425986776605,8.53739402948621,FALSE,FALSE,TRUE,"N2"
2019-07-14 21:00:00,0.766148219228603,0.745700284804055,0.151781224150428,0.0933721141295056,-10.39767055413,20.0071351645614,4.34314826487752,0.481604126676716,0.00068226274836524,0.00297170946147951,-1.04535388497309,34.7913122987529,1.13450695150802,0.229920063643619,0.662441412704557,0.577319809041279,8.11047802371915e-05,249.833167430402,227.888823546647,9.68858602846192,FALSE,FALSE,FALSE,"N2"
2019-07-14 21:15:00,1.04969066272513,0.972617518891364,0.0587154144472921,0.0759388333019013,-1.60370932977734,17.2422864956275,9.54701840110585,0.147816139737534,0.00088592095311296,0.00222997752553013,1.21298467683996,-0.545503084052927,0.0868732372433646,0.124801762093176,0.118005934016233,0.0920909420984284,4.97910180437153e-06,259.582138656027,242.453380843714,17.553203553899,FALSE,TRUE,FALSE,"N2"
2019-07-14 21:30:00,0.792018207435829,0.773467301742181,0.0716081697323679,0.05822415485969,-0.475416266580143,0.0134619916774785,3.15628972833631,-0.0410424299459044,0.00185168251279115,0.000155152906782759,1.07527137849575,16.4668675087723,0.193348867029298,-0.00448379297939042,0.311098560325937,0.263646037738118,1.81085532518031e-05,260.321689849487,239.899887455155,18.3387271257275,TRUE,TRUE,FALSE,"N2"
2019-07-14 21:45:00,1.02745540258566,0.882442506286415,0.112462609423703,0.0836909236115227,-0.910618506331632,-0.265848107365642,9.48869927676516,-0.044871878456975,0.000876129948643883,0.00591223634505153,1.38432791810437,4.30951939534631,0.00615516912607909,-0.0470245616794808,0.0624591759272149,0.0478327489940169,1.46998135409888e-05,262.28201445147,245.162225794541,13.833670980527,TRUE,TRUE,FALSE,"N2"
2019-07-14 22:00:00,1.25839509854398,1.09827906856061,0.104874301806989,0.0979787671993193,-2.40245004784425,12.0184665458666,9.99617287873668,0.0355617174858603,0.00138687080935105,0.00520470591137758,1.54196655545526,-3.61559791226021,0.024463733902808,0.020578782235614,0.052296263378876,0.0337930398697527,2.15891390456914e-06,261.144757628977,243.403808821075,14.9237716597426,TRUE,TRUE,FALSE,"N2"
2019-07-14 22:15:00,1.25133381398696,1.12442208842948,0.0962265452260774,0.0905508022206826,-2.3281846364849,9.2818469723819,11.4902977752186,0.0257791417678712,0.00045845442207166,0.0096960749790139,1.4487707901852,6.06346082586587,0.0291833002939814,0.036167723070569,0.0766571804513086,0.0580561389569884,-1.05136513123098e-05,258.110307307883,240.665721649751,16.9101476756743,TRUE,TRUE,FALSE,"N2"
2019-07-14 22:30:00,1.02731432409648,0.913960890716539,0.0758699973589585,0.0587285709478169,-3.26884387210262,13.6575919226421,9.35939679234807,0.0799830489397369,0.000685288286594105,0.00785287726987497,1.43965878899373,1.94034015428705,-0.000885132527700047,0.0311639420794869,0.0430354416750927,0.0303405179344044,6.40742393548497e-06,250.881904258113,231.806660645036,22.1019089738759,FALSE,TRUE,FALSE,"N2"
2019-07-14 22:45:00,1.3584407913655,1.25403741299465,0.123073883985442,0.0889241618190677,-1.63883782037235,2.4945191752341,10.2065003681067,-0.0359811542064839,0.00114039621667142,0.00670299025679957,1.49609000207666,18.6785016415834,0.0484667872589019,-0.107777919608525,0.145331582607936,0.0979250793626328,1.90438218067789e-05,244.577311110367,225.961056247377,19.6889148796636,FALSE,TRUE,FALSE,"N2"
2019-07-14 23:00:00,0.77763912628442,0.722272578617867,0.0928860019468697,0.066101920846143,-1.72563366470183,0.170074951630384,5.7424300995034,0.00243640406125736,0.000505895721441792,0.0035654578381613,0.689889354626746,19.2654757168165,0.0885385510878036,0.00278084473780136,0.201260660978903,0.14284099448882,1.79139977869991e-05,243.312850262749,226.078756739763,14.4601615367912,FALSE,FALSE,FALSE,"N2"
2019-07-14 23:15:00,0.694149704258543,0.707975957379643,0.149660168650593,0.102714514268076,-3.50990982916307,-14.3377669645704,2.46156792814897,-0.0909545608964064,0.00061728313832652,0.000263111577718823,0.363113176189611,45.5554244780214,0.609547546496965,0.835322351391015,1.81504648125949,1.29361189427427,0.000178968739162494,252.945880450309,233.778106016558,7.95643039492458,FALSE,FALSE,FALSE,"N2"
2019-07-14 23:30:00,0.800040595804864,0.740479603869504,0.0928297051874372,0.0636029412246789,-0.627339814608278,0.679884828674159,3.87258519043353,0.00209955737121418,-0.000200371500815869,0.00271865627856277,1.16011451737452,4.38937103676448,0.0553215859410331,0.0115845162253475,0.145443235376897,0.100328334128218,1.17110187354223e-05,262.815359957299,242.178772505397,15.6345760828176,FALSE,TRUE,FALSE,"N2"
