"date.time","lev1.uavg","lev2.uavg","lev1.ustar","lev2.ustar","lev1.sh","lev1.le.1","lev1.le.2","lev1.co2.1","lev1.hno3","lev1.hono","lev1.n2o","lev1.le.gd","lev1.co2.gd","lev1.nh3.gd","lev1.no.gd","lev1.nox.gd","lev1.n2o.gd","lev1.wd","lev2.wd","lev1.xmax","flag.stat","flag.itc","flag.fpt","flag.n1n2"
2019-07-20 00:30:00,2.18800191369253,1.79562398489538,0.173244186561015,0.149561152926546,-12.3907961177588,42.125599814377,17.2569931338898,0.101564474067611,0.00433210587842582,-0.00118980402447271,1.86822740215178,54.361982487366,0.0163080876177542,-0.0112751674237936,0.00100295335927543,0.00256518156319073,2.22772465749305e-05,228.217831045306,204.290817555316,16.2326223585781,TRUE,TRUE,TRUE,"N1"
2019-07-20 00:45:00,2.10928911119333,1.8017956277912,0.143373181746611,0.124421576337224,-18.2123107151672,41.5590054499154,12.5221887360075,0.11958560466727,0.00195721489689826,0.00762359361754677,1.8737510639833,38.4317690951139,-0.00153033236491308,-0.00181752492493967,0.00043328460684588,0.00278372361518009,1.44890153449836e-05,241.873385583761,216.939520665079,20.3150219704896,TRUE,TRUE,TRUE,"N1"
2019-07-20 01:00:00,2.64176965393032,2.28332968174254,0.252906093440144,0.149917427044052,-26.1265947796192,70.9748735537872,36.8428956733535,0.203814178623569,0.00045561701636002,0.0116992197500574,4.20272794762338,20.9747293124915,-0.0154062958759051,0.0199347354319079,0.000489828711908203,0.000819621285962115,2.81431534574655e-05,245.157285585486,220.02386911299,21.5532028383769,TRUE,TRUE,TRUE,"N1"
2019-07-20 01:15:00,2.91213817263617,2.56280756962907,0.0737879828714851,0.145200499919161,-15.8798172498901,27.4935001544028,23.9173232770357,0.0220454473523185,0.00250978090131869,0.00742965616346267,3.36955467803321,22.8980755696634,-0.0224806684223561,-0.00551776007318882,0.000663257399125375,0.00118408033164459,2.49068801095809e-05,246.66302715079,221.285228713426,25.5556986435419,TRUE,TRUE,TRUE,"N1"
2019-07-20 01:30:00,2.51438570629311,2.27067917110153,0.180856303522516,0.139681244431582,-16.7187593647792,48.9171196089821,25.5360342958589,0.0411258390121175,0.00733364484292913,0.00345894629862277,2.39401750622223,40.1402949042681,-0.00211881359426531,-0.022058992503278,0.00101761774218111,0.00155648854639279,3.27624782956933e-05,247.840295739088,222.752170917431,23.24918159346,TRUE,TRUE,TRUE,"N1"
2019-07-20 02:00:00,2.28096609525735,2.11594393223087,0.185549654880898,0.135587114110704,-14.1730538944387,38.0128443158611,22.1169859070943,0.0127347787054058,0.00205600160614946,0.00612022938385011,1.95841373105223,72.0226639307456,0.0487610895785803,0.00746359239151282,0.00208715844906352,0.000533327666116002,9.24334988907901e-05,253.314908691922,226.163791485223,22.1735604273433,TRUE,TRUE,FALSE,"N1"
2019-07-20 02:15:00,2.53596402033176,2.17393440614339,0.154428443011356,0.136730756077999,-15.3781063310064,29.2748765532239,21.325464797319,0.0808216213808554,0.0025989407472059,0.0062072140924464,2.57958174288583,33.2176042757806,-0.00722500274736186,0.00858838104927267,0.00112817559017078,0.00065016214344301,3.21613294051404e-05,245.441761556157,220.1937758466,22.6590801680509,TRUE,TRUE,TRUE,"N1"
2019-07-20 02:30:00,2.99984094664889,2.46591282214943,0.251657557167741,0.18616368619513,-12.5182893075641,36.4357352846184,25.0097168013005,0.00542860406452983,0.00276983555092529,0.00691375542186626,2.55669777635938,48.7641479218329,-0.0376519331714449,-0.00834428557703998,0.00145781167459479,-0.000323963891455283,2.01565513695995e-05,227.898654043446,203.764609674297,18.2754453006623,TRUE,TRUE,TRUE,"N1"
2019-07-20 02:45:00,3.05275395719125,2.4884792766241,0.229793724171839,0.213926216325798,-19.5396594285893,60.0360780916855,37.0691147457081,0.161029499451949,0.00273307825731196,0.00599342050378635,2.41929510585504,10.6093958242511,-0.0644334160605936,0.0699184758997436,0.0013221725039957,-0.00679133617590246,8.68844035048702e-07,208.13693350879,186.642909070558,15.6184651581505,TRUE,TRUE,TRUE,"N1"
2019-07-20 03:00:00,4.12662007798897,3.38920983498703,0.34728076488318,0.248867938220771,-24.9559497723688,61.5109315350355,36.9111587222355,0.111751362612778,0.00315391309556736,0.00977913598272212,3.85590546146461,38.1911584729532,0.0355127236388121,0.0203340020839465,0.00122188981099912,-0.00139550482392362,-1.55051256924779e-05,227.919238153669,204.382070300275,18.890163744152,FALSE,TRUE,TRUE,"N1"
2019-07-20 03:15:00,4.79388169915442,3.87385991938909,0.389238613602565,0.305569057826321,-25.8098672112115,34.3615761208551,40.8704483934316,0.0346946703773,0.00400325197072389,0.00755529656353082,4.27872877523707,89.2360675929207,0.0564414112774409,-0.0643452433004488,0.0016629158422002,0.00582936704643209,-1.28294198093646e-05,225.246055095121,202.052930964668,11.6140784445735,TRUE,TRUE,TRUE,"N1"
2019-07-20 04:00:00,3.04851795945461,2.64074926698272,0.283849959352288,0.155977557685906,-19.5289728227739,54.677485415036,35.9269577889197,0.0701531843054126,0.00293542391910997,0.00851379615302316,2.90404584281135,25.2669498144479,-0.0263411258025687,0.0198348100294854,0.000690242924160853,0.000318568209055771,2.42100174687505e-05,244.107017999194,217.915900045688,24.364529678205,TRUE,TRUE,TRUE,"N1"
2019-07-20 04:15:00,3.18927052167183,2.6496018401582,0.295354904798474,0.202395032730686,-21.5167381829308,57.3393659050641,35.5963253522135,0.0387960704009108,0.00236488871475896,-0.00499839958831798,-5.26719413384991,55.3242838345081,0.03251524807793,-0.0119881085398767,0.000919597960419651,0.0038549299427826,2.63411890087255e-05,231.592244150832,206.19106484973,12.7869204919518,FALSE,TRUE,TRUE,"N1"
2019-07-20 04:30:00,2.62477616364817,2.15440721369412,0.17082206337544,0.180164697048982,-9.06131141655744,30.1610445170689,19.8063957569997,0.0938083244264129,0.00258607308057914,0.00524737038459535,2.38331918818305,64.1073620449195,0.0522520756377199,0.0013625061659297,0.00112157073416044,0.00425819018592911,5.50877963421741e-06,211.542293402305,188.8582331813,16.1537230989232,FALSE,TRUE,TRUE,"N1"
2019-07-20 04:45:00,2.40735341457234,1.94216507452231,0.146973073663212,0.144384887905615,-9.90153045287156,25.8711767880408,16.0348818771105,0.103168362757463,0.00203128719613448,0.00372686400516402,2.19767280584237,35.4423435450408,0.0189608689095983,0.00507073166351229,0.00111700229601195,0.00266972882605706,-3.74776800401685e-06,219.271149719652,196.986386938218,18.6142444362583,TRUE,TRUE,TRUE,"N1"
2019-07-20 05:00:00,2.20560142764779,1.79518419063288,0.151678596113039,0.141112374143332,-10.2876896030913,14.8325918237001,12.929680989607,0.0459293295703154,0.00181509013405335,0.00460672166021376,1.52233288636428,45.2923530211164,0.0369552996420086,-0.0103259197997848,0.00144541162963349,0.00192657784458818,-1.57271531953102e-06,210.548332581788,188.319427239526,17.4110730500473,TRUE,TRUE,TRUE,"N1"
2019-07-20 05:15:00,2.18133209914079,1.78572662623882,0.182622189127604,0.155569802717672,-9.97263217227576,29.7076456577544,16.6229769560737,0.116604562564095,0.00202598255053777,0.00550326620549797,0.0872155648095807,54.9130371298381,0.0548645225733426,0.0110980060540235,0.00295959006438461,0.00726695735383108,1.93907689073723e-05,225.059456016169,201.113145820115,15.3657994910315,TRUE,TRUE,TRUE,"N1"
2019-07-20 05:30:00,1.94383607145703,1.57804965315652,0.146941880378678,0.130708522584351,-9.0970835377548,20.325595728665,9.739813321444,0.0636153143694192,0.00149770025022058,0.00604082232496593,1.75642668351884,32.6693657390832,0.0306638808293116,0.0111133366865944,0.00244276535933106,0.00632293934243676,3.02606222459593e-05,198.956779249699,183.088376675218,16.3430029192527,TRUE,TRUE,TRUE,"N1"
2019-07-20 05:45:00,2.1365455488654,1.72421589907458,0.141313275861715,0.129237102114763,-7.25751257500149,15.227199167667,11.2472835416436,0.0415093537305769,0.00218940346707253,0.00252337701843735,1.41117379152096,23.9339297092639,0.00949770571462239,0.00490518669383861,0.00226600566953687,-8.73292660939118e-05,2.17252232510157e-05,219.777814004994,197.07454855185,18.4330708258692,TRUE,TRUE,TRUE,"N1"
2019-07-20 06:00:00,1.76989682761488,1.44413837324898,0.119748621772914,0.103957345124509,-4.87064866072555,13.3557786641551,9.14829655906881,0.0430720299256067,0.00110322456165544,0.00349449200172392,1.55646025455829,27.3426127753838,0.0270505601649457,0.0155452921791976,0.00167302161820735,0.000461199607564917,1.20653014514118e-05,213.048203827544,191.313571281849,19.3410331204636,FALSE,TRUE,TRUE,"N1"
2019-07-20 06:15:00,1.56488250112774,1.35061112279283,0.109752278668283,0.0579850227752264,-4.56270188952151,11.9457827659088,9.08983855230149,0.0168172687498924,0.0011996696340373,0.00416243567638171,1.15355925579556,11.9611169030039,0.00369464694222863,0.0136726534650845,0.00101752799574094,0.000853868284924119,7.37044212706026e-06,240.299866891713,215.769559350854,34.8974767106763,FALSE,TRUE,TRUE,"N1"
2019-07-20 06:30:00,0.779187440396452,0.602446451541479,0.135663006534521,0.0925515272780782,-4.18216196276142,2.73511444554976,17.9296276846804,-0.0195629112608193,0.00105531003674465,0.00379005603022828,1.67839337744237,38.5899983632655,-0.00523613582639393,0.0279649478531323,7.54001460773441e-05,-0.00238541930775917,4.85970733300756e-05,211.299094177011,184.983238578652,7.35880883747434,FALSE,FALSE,TRUE,"N1"
2019-07-20 06:45:00,2.2664693706501,1.85122703707951,0.186876276813424,0.142925309652686,-0.926681583416392,46.6199947520703,29.8635048875694,0.0504358467638977,0.00161115400178278,0.00443721365432605,1.63724468771411,27.7008541900688,-0.0284050103538874,0.0237596834672985,-0.00202247278617195,-0.00584082311398392,3.30249918190894e-05,207.57858893731,185.761263887102,17.7913991157992,FALSE,TRUE,TRUE,"N1"
2019-07-20 07:00:00,2.90653100279502,2.46312467898262,0.20027499069949,0.153346454380757,-2.13774007200549,39.0252263996292,31.9972588386743,-0.0554048556597895,0.00195272412612727,0.00722896295570683,3.02036556202049,27.37816854689,-0.0376577065469955,0.00481125629608894,-0.00154655700905714,-0.00370083494232593,3.66537374162838e-09,237.607328347895,211.862091761781,22.92883877839,TRUE,TRUE,TRUE,"N1"
2019-07-20 07:15:00,2.72954170447515,2.38645143367687,0.123131829550954,0.142456910926941,-2.3208572716541,52.7735020977452,33.8760039924233,-0.0121248753524612,0.00267024087026074,0.00557326247018882,1.91200303934099,53.2900100673754,-0.0204589617219979,-0.000278116225171806,0.00181894173142713,0.000364783922023226,-1.16513479552576e-06,246.087749089341,219.84357453234,24.069646626886,TRUE,TRUE,TRUE,"N1"
2019-07-20 07:30:00,2.92812624810846,2.63596068253017,0.293136824678724,0.168063179515288,4.33151963701233,134.000966121428,49.4791152043124,-0.080233724931831,0.00324705398755919,0.0084049192572327,4.22928785070473,118.635151652357,0.0368721287675325,0.006494349866214,0.0106722598371711,0.0151839269113094,5.8131033472076e-06,259.13960341212,230.842766258546,22.3034595234078,TRUE,FALSE,FALSE,"N1"
2019-07-20 07:45:00,2.71332997343728,2.4363989894625,0.124198269286035,0.139907262203192,-4.86079244422357,135.283009055345,35.4702153443979,0.0563020161685802,0.00262095411950877,0.00373386461171314,2.9746223028473,100.843268552702,-0.0357507648319724,0.0106983997297511,0.00356915665031055,0.00937077517926987,-5.07082929117976e-06,248.538323098429,222.561815389792,25.1655538862932,TRUE,TRUE,TRUE,"N1"
2019-07-20 08:00:00,2.53661196741531,2.24559743096003,0.231349542114008,0.129215128183491,-1.78822900803199,141.486864112732,25.3138893432168,0.0142584472351943,0.00268241283416623,-16.3933865682964,-18.5317617882792,103.842683210176,-0.0589007202738668,-0.0194786298718753,0.00449241041139285,0.00411727303118864,-1.19952717404832e-05,247.033857212561,220.649964909455,334.02357192461,TRUE,TRUE,FALSE,"N1"
2019-07-20 08:15:00,2.35708319671727,2.06652674287575,0.0922540981582041,0.132941872279962,-1.64859138299219,167.635112679627,-3.6154440108064,-0.0705301876798401,0.0111446621837196,8.31521549208805,4.79737463994923,119.837967018017,-0.035010339837026,-0.00341661735115693,0.00177584914507934,0.00351220714549111,7.03334086431119e-06,246.282830098025,220.575425131924,1.15496764377441,FALSE,FALSE,TRUE,"N1"
2019-07-20 08:30:00,2.06074541903808,1.79239074948801,0.17140255713562,0.111171063022698,-3.99246811379249,75.0786049843519,25.878389164157,0.0210017055612107,0.00193147041294118,0.00426956653171709,1.52260255229188,85.8914840298985,-0.0152860125823387,0.0315080982274154,-0.00218532728196839,-0.00145328378684406,2.08491488296706e-05,237.381718496093,212.886869225464,23.0286353883295,TRUE,TRUE,TRUE,"N1"
2019-07-20 08:45:00,2.14090011602539,1.81151029402902,0.181094261023467,0.144903226695701,-6.53159945592914,138.05080632123,12.5270437132962,0.0131846302314117,0.000890346996445404,0.00532083086759228,2.13363422501266,133.830359857675,-0.0049761459451019,0.0453941541026491,0.0018104129825929,-0.000947624279766454,2.10065558670044e-05,231.188078575118,207.240501847412,17.0483840658844,FALSE,TRUE,TRUE,"N1"
2019-07-20 09:00:00,1.8440015596526,1.53284656896929,0.165157219325626,0.113564758158274,-3.12491186977481,96.0576050035809,80.1413071429028,-0.0335653335179907,0.00172908675827055,0.0135293632464037,6.20630908178173,93.001091737281,-0.0223234528065658,0.0250998242904058,0.00216707753502366,0.0011605397373912,-1.27480298001139e-06,223.276471984231,200.211267352361,18.6905607064014,FALSE,TRUE,TRUE,"N1"
2019-07-20 09:15:00,1.95038087266293,1.70165361817615,0.191926809467692,0.107835480647778,3.16127377337875,96.0183494128997,54.0893583636324,-0.0516902604517992,0.00289375299504066,0.00937860343668642,3.18433499408409,108.514316350333,-0.029676102894041,0.00760695917894106,-0.000317247546456126,-0.00265211521903255,-1.00686234483318e-05,229.660434334577,206.69963736928,22.4617959558267,FALSE,TRUE,TRUE,"N1"
2019-07-20 09:30:00,2.29797368810756,1.91386127168674,0.169159477190234,0.165246610227583,2.46879886258355,129.383831373442,169.340795318268,-0.0714770179664329,-0.00193191916728009,0.0180390125748124,9.06454824785482,226.02632986263,-0.0402239021325654,-0.067956958481063,0.00315676229024622,0.00611017778410179,-7.57150268902982e-06,206.047268349255,185.226611696375,9.0108830410993,TRUE,FALSE,TRUE,"N1"
2019-07-20 09:45:00,2.26620823267403,1.91978826892172,0.154051889002729,0.154669720793982,-0.884222091067287,95.5738758374339,15.1320385134144,-0.0264946692101291,0.00101209340290852,0.00459290497757755,1.94633392793604,237.183441535954,-0.0226831372756154,-0.0871388866563085,0.00967724386736319,0.0221571667264299,2.85418122212237e-06,203.550476110152,182.802251696113,16.9012488501397,FALSE,TRUE,TRUE,"N1"
2019-07-20 10:00:00,2.69893902410641,2.26137293673869,0.200028850437517,0.189451970439858,-0.0789596503484903,137.049114583994,104.977442523928,-0.0432898900052879,0.0169600979205424,0.0127293491236128,5.98063879879605,193.243729536692,-0.0338532557802843,-0.028630140866485,0.00374559427580908,0.00239218325644407,5.14202938447033e-06,222.594705499669,199.360957763747,16.1182021597721,FALSE,TRUE,TRUE,"N1"
2019-07-20 10:15:00,2.07010500312824,1.75609995342203,0.184771698858575,0.175740833965962,4.14614692900949,199.246256866948,185.348860845748,-0.127989887193019,-0.00193742270761765,0.0246352391404058,9.92365248710753,250.189812990844,-0.0301325482264165,-0.0573488798343105,-0.00399970834978702,-0.0200203661884256,-9.11612309696317e-06,218.799720609207,194.70146546014,12.9327413343554,FALSE,TRUE,TRUE,"N1"
2019-07-20 10:30:00,2.156145853687,1.79669416075882,0.173197098048765,0.153265545519258,3.45471028473536,153.72322080406,90.9490667043116,-0.07591506516551,0.0106840542856663,0.0145485962181973,4.34308383987901,184.958484056818,-0.0240163833968285,-0.0239691971169573,0.00258716511778476,-0.00182727029057204,-7.07766826559032e-06,195.47413035328,185.01568181651,15.7669286610344,TRUE,FALSE,TRUE,"N1"
2019-07-20 10:45:00,3.40674922800332,2.84015157259207,0.335647619771099,0.256336137137315,7.13261396575768,189.935573307275,270.786777759802,-0.000460224747987989,0.00384505543863466,0.0422314437379065,14.2196313628897,269.123353372276,-0.0709422303433099,0.0653573373797374,0.00524564581722319,-0.00228925500366839,4.36751469663731e-05,192.184850407638,188.589660518688,14.7112347770544,FALSE,TRUE,TRUE,"N1"
2019-07-20 11:00:00,3.7689688716857,3.18255033297493,0.333108423081514,0.258958813224756,7.24600123438168,174.107105095401,313.560426575864,-0.045123187625577,-0.00250534531669357,0.0523607522911957,15.7667807928729,232.051416334088,-0.0550305108760957,0.114348015618286,-0.00134188213327685,-0.0112864938745994,4.98876860397184e-05,195.447128421421,184.662094303054,16.6997378229221,TRUE,TRUE,TRUE,"N1"
2019-07-20 11:15:00,3.39182841631251,2.78765343022307,0.297928330487549,0.240812061440273,6.76390276921617,133.5141055635,114.42457183972,-0.0137400961812352,0.0125632336818665,0.0182093052784393,5.55746087597496,204.72220225345,-0.0249982740284596,0.0512281395131279,-0.00154568504451953,-0.00710575594129285,6.08325098575721e-06,195.803413900261,184.382175202383,15.5258527638719,FALSE,TRUE,TRUE,"N1"
2019-07-20 11:30:00,3.3699654830201,2.72888540839031,0.32179812724279,0.228947225308862,3.78961563352245,130.596080352351,12.5523998049169,-0.0139903662042417,0.00279448754708686,0.00233401642925137,3.15516547749753,166.601665459774,-0.0273848452760126,0.0359898665072295,-0.00342232897380908,-0.00999533257934536,3.74440305731355e-05,188.889566135119,192.417714479726,11.9070675015506,TRUE,FALSE,TRUE,"N1"
2019-07-20 11:45:00,4.0499752978884,3.09391625132396,0.489479147008575,0.262397400407749,20.512768836896,214.099291380185,10.1485448264118,0.00195695778864246,0.00396270648851148,0.00923811107571686,3.67455855577461,135.250341923052,-0.0334582705407082,0.043064668315575,-0.00186297811650922,-0.0146871811884821,3.53896779955333e-05,185.993712899678,207.320509180185,15.8790466752233,FALSE,TRUE,TRUE,"N1"
2019-07-20 12:00:00,4.09922759606348,3.43225712426793,0.317018372768074,0.272243096271677,15.3664160734521,162.564592324294,199.871015536267,-0.073021509200853,0.0185017572459844,0.0323774795968593,9.85919982268009,257.13509703822,-0.0739221484199986,0.0402294357890482,0.00316704858078953,-0.00375709243925754,1.38092311878861e-05,193.561338948129,186.767907312066,17.2226787118041,TRUE,TRUE,TRUE,"N1"
2019-07-20 12:15:00,3.98889267571531,3.20310123988106,0.353797785260403,0.252951506278997,13.4907541829204,136.828436863251,23.487258559518,-0.0311815794579853,0.000371514506410495,0.0102107625934401,3.34648993057153,176.820871991564,-0.0377671262530246,0.0676627484086507,0.00189212049907548,0.00435270063202453,1.45310218522103e-05,186.541929913814,194.548775484369,9.90814984774459,TRUE,TRUE,TRUE,"N1"
2019-07-20 12:30:00,3.31159124346067,2.73783258247603,0.334757906074971,0.233913230690386,23.2487328531124,147.584472004071,-0.941244894463569,-0.0956616333908745,0.00561767896070069,0.00167876769779398,2.75329478136232,190.287472366986,-0.0379314351774645,0.0486709025914442,0.00111587145585846,-0.000873588321297606,-1.17979355805082e-06,194.46335792856,186.182182472133,15.73689257305,TRUE,TRUE,TRUE,"N1"
2019-07-20 12:45:00,3.32903915217623,2.78542934657909,0.25703643958549,0.219243569710644,23.4452503188676,128.395213667584,18.5411184575757,-0.0995800714453459,0.00268535520908322,0.00732291099079472,4.70878246023755,221.081349290528,-0.0475858298028198,-0.00581893218046,0.00435964759323827,0.00529824504088492,-1.30783480237885e-06,191.083752794258,189.644521316861,17.3831610272989,TRUE,TRUE,TRUE,"N1"
2019-07-20 13:00:00,3.25646655485647,2.69797578343736,0.246022105975349,0.232520735415802,30.5672440020244,183.300263301565,39.6840289528415,-0.139716954995801,-0.000884354394734746,0.0131725345897768,3.49730256838985,241.445952938345,-0.0338370026634174,-0.00709265316284904,0.00473135196104928,0.00613555303965101,1.79715713850349e-05,190.100393597304,189.790970299832,7.57434264176512,TRUE,FALSE,TRUE,"N1"
2019-07-20 13:15:00,3.05319027134864,2.49846875048193,0.338460263511022,0.232580144357558,42.0433103338572,214.614082610526,33.428465840827,-0.086968628044388,0.00284318339047598,0.00783240674169511,3.71269641288594,229.946968483828,-0.0593857334503129,-0.0353623572530427,0.00201410255978607,0.000313411529862089,3.33010386886197e-05,192.822182039501,187.944362671991,14.1583081266229,TRUE,TRUE,TRUE,"N1"
2019-07-20 13:30:00,3.46852139806462,2.68223333490933,0.317069335195173,0.253057439095307,45.0750649161038,263.014107756318,26.6842900820665,-0.154287956920005,0.00301735539797241,0.00899312722772749,3.05958633296108,201.338825190004,-0.0553044537840769,-0.0304366710102202,0.00402077172065672,0.00464170451316731,2.70697335715385e-05,190.517474116886,214.157040716394,9.87065943835502,TRUE,TRUE,TRUE,"N1"
2019-07-20 13:45:00,2.73781543524898,2.08859810820272,0.319344980480535,0.209584863566569,40.7368273269131,271.63730620272,26.0800175396172,-0.129089087272294,0.00322705677376276,0.00762396185727206,3.26565943021894,180.515227046459,-0.0267031780932264,-0.0227501831092151,0.00600772121052082,0.0080495952741175,1.93692359751872e-05,189.58795516988,212.804542062235,12.8884659074163,TRUE,TRUE,TRUE,"N1"
2019-07-20 14:00:00,3.20901210992352,2.32660997254782,0.269117342555765,0.257665270977166,47.2650311818862,252.481392462801,-12.6207573805088,-0.165336464985801,0.00139040944428916,0.00197337899463655,2.14146691908017,221.929356780411,-0.0371843561463997,0.0465219208925613,0.00471205970228576,0.00481983141974194,3.75712585325339e-05,207.088297961503,234.829746994962,5.42668598893629,TRUE,FALSE,FALSE,"N1"
2019-07-20 14:15:00,2.82434092482074,2.11689775517942,0.267854904006771,0.206147608362382,47.9428194430357,259.523713258546,-7.81527282778731,-0.0970679057866163,0.0104917522222976,0.00307487217342,1.37952409477084,184.148719476628,-0.0345122321355197,0.0781061136908636,0.0020232236434652,0.000887221670087839,2.20544270234143e-05,204.224588850897,230.449269074838,13.383728996888,TRUE,TRUE,FALSE,"N1"
2019-07-20 14:30:00,3.08354603230969,2.49990906391582,0.239955480541363,0.220968158311689,48.3933421589132,232.810975660754,109.315597629457,-0.179323057135505,0.00960881372003586,0.0215882675941708,5.5825224952344,288.277207015534,-0.0653310990073203,0.0698603877064386,0.00333555290674069,0.00440618720733227,4.04750420387341e-07,183.217798790807,199.074555795347,15.0945775340025,TRUE,TRUE,TRUE,"N1"
2019-07-20 14:45:00,3.69722607777292,2.95055989105326,0.314727877842751,0.257775304361636,67.1145078712444,266.583370744375,137.291298754062,-0.193092558036432,0.00988946332870214,0.0257019211414445,6.90793907293137,316.63068261551,-0.0523656107760816,0.107466217797379,0.00264678487227186,0.006529117268709,-3.43212423945895e-06,181.680682592584,199.708112882119,15.3126334468291,TRUE,TRUE,TRUE,"N1"
2019-07-20 15:00:00,4.17790820985945,3.37635056831151,0.396732396170793,0.295971492591876,83.8126356034169,344.390458152618,304.221737689733,-0.251565753518623,0.00694543677435075,0.0465676692264985,14.3334557109458,378.826414599164,-0.0381757662616673,0.215783675647525,0.00309477764141414,0.00881926393393545,1.81279593077496e-05,184.019164613246,197.004075747315,15.2493151340962,TRUE,TRUE,TRUE,"N1"
2019-07-20 17:15:00,3.05419025135756,2.60434785088562,0.225114838569178,0.208965082940884,0.276674546387673,101.857941363751,49.9187385080781,0.0386771602307186,0.00489009612900212,0.00767135647076828,2.33590098021695,-29.0115900114919,-0.00634423300546878,0.129473427593268,-0.00163228203860092,-0.00881352926838072,-1.89194643742611e-05,192.517168672875,185.962696201921,16.9850701402261,FALSE,TRUE,TRUE,"N2"
2019-07-20 17:30:00,3.38223700564315,2.74918219085501,0.269336490288765,0.25846943059055,1.11379004390981,109.530294125972,60.0849679695271,0.0411527026173646,0.00213746771824198,0.0069479808563735,3.60531915332599,-44.4824956631969,0.0102827412307245,0.0985946824891327,-0.00250810624945475,-0.0085176674273812,-2.76797080766831e-05,188.17793624587,190.930578801969,8.76102636923401,FALSE,FALSE,TRUE,"N2"
2019-07-20 17:45:00,2.62632578825379,2.25456415990598,0.198241753023612,0.17338452954199,-1.80190164543876,55.6665163824542,39.1314638422511,0.0259970827045438,0.00189424110736139,0.00547464475434684,1.78877806256279,-47.0003487868555,-0.00322438466843549,0.037972951534477,-0.00171442973813449,-0.00477379018185651,9.43970551330721e-06,198.697091080483,180.757325063292,17.875237695923,TRUE,TRUE,TRUE,"N2"
2019-07-20 18:00:00,2.8742299020955,2.39513440146928,0.229367777293528,0.212673607930565,-1.66529436425346,67.6415193080975,36.7976843137566,0.040903074822538,0.00293599008542487,0.00737625955597328,2.5325104161172,-82.4496065955767,-0.0125192827441326,0.079789180028987,0.000367187088918411,-0.00262141485178259,1.81393855019976e-06,212.056203252831,192.564784969679,15.0101888072591,FALSE,TRUE,TRUE,"N2"
2019-07-20 18:15:00,1.75357780563618,1.4686004195866,0.1625133240817,0.140217872992116,-2.62050541410705,44.6801945723529,33.4580766134855,0.0371598502940378,0.00167276606633124,-0.00210132081726535,1.3980132273168,-67.3234166889256,-0.00877600635829956,0.111179135380783,-0.00119666356528337,-0.00326284718099493,-3.27777054598678e-05,203.345710306804,184.816323768762,13.718579185275,FALSE,TRUE,TRUE,"N2"
2019-07-20 18:30:00,2.15461120404074,1.67340434515661,0.181499330313526,0.144532166984436,-7.51398572813706,69.5250108207432,33.3064089499008,0.111204372871687,0.001525718789176,0.00350391872915853,1.4218286178058,-30.9410347041082,-0.00469920052593726,0.0346299307391579,-0.00139671537682014,0.00120273669465196,-3.32737259155047e-05,183.022806439428,195.511335599419,15.5291740131665,TRUE,TRUE,TRUE,"N2"
2019-07-20 18:45:00,1.74242734934755,1.23881541769232,0.132755014096747,0.135286150881588,-5.63674537277579,32.9431017913151,28.4189212392668,0.0556701349109129,0.00184292452888358,0.00443570619249865,1.94232073657325,-9.6273211758234,0.0215325518418244,0.0238530929292591,-0.000656822078852803,0.00593434408746001,-2.33872773611201e-05,194.885231536637,215.860940570652,11.5740649039989,FALSE,TRUE,TRUE,"N2"
2019-07-20 19:00:00,0.964976811497766,0.833202865615817,0.128837698926433,0.113939299160234,5.01582557982933,34.7568875457747,15.9270916003215,0.0878451245363823,0.000772855970840915,0.0038359842963869,1.57340058179448,0.987931771012524,-0.0154366874773728,0.173165359072024,-0.00650586229983763,-0.0148095397638529,-5.05167703377643e-05,227.074497179834,201.099634380693,8.61743037411624,TRUE,FALSE,TRUE,"N2"
2019-07-20 19:15:00,0.793261038315027,0.558502538888486,0.114354022448504,0.102937773673884,2.95205963212717,17.3708051219677,9.2808838715805,0.17721891275564,0.00113037381340002,0.00420323262658242,0.977737170099912,-1.33275620936359,-0.0318668438494754,0.0545864661161657,-0.00426782768181321,-0.0316208659824196,7.38412678270907e-06,276.439930381431,237.967948535842,5.70737470788732,FALSE,TRUE,FALSE,"N2"
2019-07-20 19:30:00,0.893108569173342,0.821825230904035,0.101674236605736,0.0545438506507816,-1.53310536775583,13.0926017070274,11.3344367861122,0.0338784285385893,0.00113083151841209,0.00437800790147349,0.953974932365379,-5.71765638996415,0.00625523778600007,0.0259485710536749,-0.00321818276348857,-0.0178586251307269,7.63825599596431e-06,263.050290650073,236.928751877144,21.2831871378152,FALSE,TRUE,FALSE,"N2"
2019-07-20 19:45:00,1.35506074687073,1.18640027248633,0.0533959079644484,0.0551120588857694,-1.78621231854132,17.961044546658,14.2646161690854,0.0265709900668688,0.00110639179674229,0.00434098343054151,1.11671939603021,-5.00918613538682,-0.00624903488645991,0.0169334072174301,-0.00157253085429154,-0.000622910693876441,-1.61657144570457e-05,243.057577281377,219.177437542263,31.974148769517,TRUE,TRUE,TRUE,"N2"
2019-07-20 20:00:00,0.856819539703245,0.751746524614116,0.0638563922328057,0.0794874362155126,-4.37472212612284,22.2239718477095,12.7778915968062,0.0924352860654167,0.000975665439744752,0.00316694940619227,0.981171519164352,-10.8785817456471,-0.00576632170879176,0.044672585217435,-0.00343749877531364,0.000678596796956771,-2.61497275105931e-05,233.366899209369,212.965522191511,12.0615761755363,FALSE,FALSE,TRUE,"N2"
2019-07-20 20:15:00,0.519626186288325,0.483383945437467,0.109301141050524,0.0938322495631201,6.94703382719235,25.2512033861818,15.805602442699,0.0966834639635,0.00111337703629181,0.00988884651020127,1.16389981859817,-9.43736361777965,0.053891302707459,0.139983330937033,-0.00254511469822961,-0.0215872579728434,0.000115568547102425,251.580316285877,221.424040932137,5.30099357613568,FALSE,FALSE,TRUE,"N2"
2019-07-20 20:30:00,1.33260791266274,1.25892288952647,0.0915560729459157,0.0275162166461013,-3.01900308370758,22.5288894211736,13.8946771054068,0.0692661911776673,0.00188394589150802,0.00263711522466233,1.28082606407853,-2.46039844452663,-0.00530906955516185,0.0120966283629679,-0.000377202178591449,-0.00223413152414597,2.78818239553584e-06,252.424429498762,229.530737819801,4.32951323363156,FALSE,FALSE,FALSE,"N2"
2019-07-20 20:45:00,1.22677243825634,1.14157980539415,0.0694299910569773,0.0276760843795147,-3.90411738623956,19.5401195365557,7.24813734764741,0.090742403680091,0.00125433221456627,0.00286737316304807,1.16355822601063,-2.96424353016293,-0.00329094529663295,0.00811922927354981,-0.000541506584547147,-0.000524152224960744,-6.3881195606998e-07,252.097162802246,226.957590813092,4.64014614810221,FALSE,FALSE,FALSE,"N2"
2019-07-20 21:00:00,0.693015005784122,0.645053383339627,0.0825939747818317,0.0664748071910544,-3.29080871763514,23.6582879704742,6.41480592933921,0.122301181431551,0.000896542160766465,0.00283177105736201,0.868753089533564,-26.7158861769139,0.0127870204793072,0.0300451269415442,-0.00470271988041463,0.000612062054000107,-1.59896769244172e-05,253.0995093031,226.909256056837,12.4621317986781,FALSE,TRUE,FALSE,"N2"
2019-07-20 21:15:00,1.19750966688951,1.08604978023789,0.138864820882158,0.0754714396381596,-3.31681881725847,34.0705398974094,14.539025089702,0.097628966669513,0.00128468886378143,0.00394925848904189,1.94128629795628,-12.8961568489475,-0.00768437451217219,0.00771191728912563,-0.00232168585228955,-0.00140429389405153,-2.12837656493456e-05,256.476532214528,229.222751436919,20.1644115127946,TRUE,TRUE,FALSE,"N2"
2019-07-20 21:30:00,1.02405525545363,0.947238129582868,0.139722393682468,0.0830345990004788,-0.420931015222893,20.7821369103852,2.86891859969654,0.0623737696742243,0.000933305815362472,0.0035188048481331,1.38218725816395,-14.4805856377366,-0.0547989183458812,0.025584452963369,-0.00315967239431232,0.000694212692722392,-2.98571714827431e-05,268.24215172803,240.121601780269,15.2494198666069,TRUE,TRUE,FALSE,"N2"
2019-07-20 21:45:00,1.30855609292772,1.26757881686623,0.143514732025216,0.0606944851413809,-8.4962110671353,33.8782171199588,9.50120855238913,0.174839842125007,0.00164127152339677,0.00367242603919135,1.47853758144181,-16.3174927893138,-0.0561362910276472,0.0402269088456555,-0.00246542798206001,-0.00280295458140047,1.79566736635395e-06,266.397242259671,239.917780332189,30.9103120677817,TRUE,FALSE,FALSE,"N2"
2019-07-20 22:00:00,1.38926097957302,1.33320843232866,0.0980001154294848,0.0526979273312015,-4.33953335693611,20.8733430259552,12.4145867927015,0.0538475245558445,0.00149942792158299,0.0035668309447193,1.13200059243616,-16.5117761745942,-0.00978371587393833,0.049649209375766,-0.00261411363487121,0.00102889168944425,-2.64351442651786e-06,256.435564211341,232.800096852767,38.2205445309825,FALSE,TRUE,FALSE,"N2"
2019-07-20 22:15:00,1.4229391489874,1.33412347226225,0.113989657409377,0.0600841429575609,-8.06592759430857,40.8848003385244,16.2407640130717,0.141342739295952,0.00139746975786353,0.00348923502513356,1.61386041830934,-18.4814188370304,-0.010038488646046,0.0312478859734607,-0.00305085690404149,-0.0020505929970744,-1.05967933640727e-05,254.356047899502,230.491202299085,33.0955236743022,FALSE,TRUE,FALSE,"N2"
2019-07-20 22:30:00,1.32628724156647,1.22419470410625,0.0703208506087845,0.0768737887159821,-4.12570439707777,22.611741086294,13.6345793611116,0.0652019450186041,0.00141781293184659,0.00404744072315558,1.69817878118321,-22.123260873599,0.000337274145349536,0.0508153677514263,-0.00417794861778865,-0.0116909555687549,-1.77110685809183e-05,250.408744942273,224.535690019165,22.7010120548415,FALSE,TRUE,TRUE,"N2"
2019-07-20 22:45:00,1.2762586786757,1.16192822937857,0.0935760071698651,0.0640949254312561,-5.37349054609771,31.1457961747459,7.06144718312024,0.0929861530738208,0.000965023776048129,0.0045703405429166,4.43134826860655,-0.0902055750822224,0.0242687821034174,0.0316392358637184,-0.00240200369248559,-0.00495385588158781,-7.67887393279249e-06,251.86830795296,227.609730370101,26.3470247381712,FALSE,TRUE,FALSE,"N2"
2019-07-20 23:00:00,1.02277486912073,1.04126196325083,0.085255291351331,0.0430413152482478,-5.11672563536973,29.4731733842935,8.95692593077574,0.0999966639930972,0.00122495223210874,0.00286080017867591,0.872815275214611,12.8667188696803,0.0418634243912945,0.0622547387911687,-0.00584291398577644,-0.00185790465860753,-2.10893105347772e-05,259.228324516589,234.523581453877,36.3874474631325,TRUE,TRUE,FALSE,"N2"
2019-07-20 23:15:00,1.49790027783255,1.36053016113397,0.0307184057049214,0.0475017827073976,-9.19765504549471,41.0987201226767,15.733263464386,0.155203625499991,-0.000882665510154145,0.00337767577038733,1.07572883950183,-3.84314102361953,-0.00765202380191325,0.0241560435149009,-0.000833244515031662,-0.000324387900683303,-1.17591553063236e-05,250.713412208618,226.581193461405,110.201610759101,FALSE,FALSE,FALSE,"N2"
2019-07-21 00:30:00,2.79455458038099,2.41984949493062,0.230846555509989,0.189509532488954,-9.93334077232058,59.5354276769186,14.8845508761449,0.0757134119056575,0.00345052056761105,0.00684342373871123,1.72684561577818,-8.12736167579876,-0.0353647241116165,-0.0294684231614156,-0.00292514826890227,-0.00529430416654557,-1.76009762505198e-05,239.205505459202,215.536209168481,17.4891006818816,TRUE,TRUE,TRUE,"N2"
2019-07-21 00:45:00,2.92352561739342,2.61928891980588,0.0582716537955635,0.117118365921307,-17.3744856372401,54.8906341996614,13.6989067566468,0.15693979011575,0.00584817188728599,0.00765852822854333,0.106656203427123,16.7663077957921,0.0152333933627236,-0.0239161844455805,-0.00121853786651321,-0.000942282273541456,-1.14921686870581e-05,246.819458012456,221.915447687289,33.3608157850105,TRUE,FALSE,TRUE,"N2"
2019-07-21 01:00:00,2.4368174186697,2.08962109270458,0.189821563746099,0.153348680191863,-13.4482922180341,27.757127324739,22.6939321607354,0.00585797129003374,0.00213954994099732,0.00183036812215038,2.12428323263888,1.58404150018432,-0.0249814370501861,0.058399893684254,-0.00186755927896101,-0.0054995245016432,-2.29098158677286e-05,237.146141179364,212.487610975848,18.9035196959857,TRUE,TRUE,TRUE,"N2"
2019-07-21 01:15:00,2.37337959985932,2.01311718300175,0.139104145158054,0.133612218424566,-9.22713823829013,22.2491798287772,13.5532614255421,0.0743311774606762,0.00246084298032341,0.00625018748247111,-0.36349404057983,2.15127363323096,0.0316665185294498,0.0383919097856176,-0.00170917109915432,-0.000868285878986864,-1.8590278666612e-05,232.250971365278,209.108872429872,21.2825680987225,TRUE,TRUE,TRUE,"N2"
2019-07-21 01:30:00,2.58600566586344,2.20347962947997,0.252259541145064,0.211815094329978,-9.67232470684288,13.4194958218059,10.7000362459849,-0.0841276696798338,0.00243132708794045,0.00729894137212425,2.42444233372673,-25.3132357152981,0.0824523014301106,0.142775334719903,-0.00557896977821457,-0.0035522434956658,-4.48200224608062e-05,225.465986938334,203.232107266346,13.60271664066,TRUE,TRUE,TRUE,"N2"
2019-07-21 01:45:00,1.97433196598929,1.66102169721845,0.136164681786582,0.130754200414771,-8.31906770708227,16.2210326741855,8.06426454981873,0.0897905702383791,0.00121624422627029,0.00339904835062278,1.62619863941298,-16.6768069847569,-0.0174910129461329,0.0725107532866051,-0.00314741410160243,-0.00700562918982319,-2.04413053297634e-05,208.369578572003,187.747788103417,17.380961750095,TRUE,TRUE,TRUE,"N2"
2019-07-21 02:00:00,1.84231079263432,1.41277840845517,0.16209276543742,0.104737990832355,-9.35681362744727,21.5988593609682,5.05863371099942,0.118552967011893,0.00116611678260805,0.00415482764010572,1.43222995171289,-4.0284086973355,0.00598647769180068,0.0123399871329051,-0.00165569589010004,-0.00365824160374427,-1.01920609850558e-05,182.576153802526,198.143756946094,18.6759343986938,FALSE,TRUE,TRUE,"N2"
2019-07-21 02:15:00,1.21477928614038,0.887123441807678,0.0949758245451025,0.141100527092893,-2.61065056812615,6.8782991307282,8.74535937858541,0.0590895905691959,0.00094548337384233,0.00346366486419894,1.00185120807592,-29.4875339405302,0.0337282242661541,0.0716565342487627,-0.00383661596974414,-0.0114655933678089,-8.67225578600544e-06,194.292195200438,186.17323923918,7.0153460387307,TRUE,FALSE,TRUE,"N2"
2019-07-21 02:30:00,1.21148055531798,1.16327164562361,0.129750619830734,0.0308056490612342,-2.90487357110655,23.1432388411826,8.29241967920256,0.101317500910417,0.00191000539216727,0.00380304480679843,-2.97055961605493,-2.48355653451507,0.0300023746413574,-0.00647496734319907,-0.00118459999588538,-0.00124429251173104,5.09107939997554e-06,259.372794602169,232.61027105576,4.26550304761726,FALSE,FALSE,FALSE,"N2"
2019-07-21 02:45:00,1.16181379278742,0.993075021954646,0.146265016636684,0.100068658131548,1.07328072359793,7.61979177142333,5.85699368706595,-0.0408648577189735,-0.000573183956764906,0.00471912073012051,2.05097122823613,-1.09656198179764,0.0256211589998567,0.0501931028372677,-0.00473906890510954,-0.00292815832180649,-3.11311895956966e-06,254.832108273126,227.258070377486,5.87981028179621,FALSE,TRUE,FALSE,"N2"
2019-07-21 03:00:00,1.30248283322494,1.08971070282269,0.115280651459683,0.170881352767412,-1.55021651275084,8.47842152072811,9.58632687698716,0.000121538672304713,0.00229503769302549,0.00377601933528872,1.8324678131561,-68.9327396921235,-0.107941907804275,0.290334959599763,-0.00928538523140186,-0.0175742334650194,-2.46615643814744e-05,198.288377696199,181.821342946406,7.15396945610969,FALSE,FALSE,TRUE,"N2"
2019-07-21 03:15:00,1.36667680689373,1.16039935415694,0.0944426365198048,0.147321273487829,-2.37892649938894,7.64774631120854,7.0935999785186,0.0280554826192136,0.00130478130593432,0.00411865589953827,1.72784045787025,-66.5184750836248,-0.0149275270616211,0.136227904176382,-0.00351410525443405,-0.00491560275151129,3.81778213813437e-05,222.171243221548,200.799382071675,9.51339024555682,FALSE,FALSE,TRUE,"N2"
2019-07-21 03:30:00,1.26240249906846,1.08981896348263,0.0970546633627144,0.0265668825984035,-6.55570009396063,26.2739914922601,12.3687627110492,0.158212249392424,0.0014655939950608,0.00381332185787713,3.88008482237882,-1.21187338630445,0.000166514558271535,0.00402210980444554,-0.000115945428196594,2.56946233450184e-05,1.39715667894953e-06,247.760367045395,222.66232975705,4.06747444182647,TRUE,FALSE,TRUE,"N2"
2019-07-21 03:45:00,0.240294897476175,0.188359265008016,0.207205513091664,0.130588171487414,6.84635908348611,-2.83830172081121,2.11591464220391,-0.0589988700858462,0.000640192043124409,0.00224082070996238,1.06043706901787,-40.1603264459229,-0.0381259037260805,-0.0110081871927696,-0.00720066439002198,-0.000995438775731074,0.000212258876268206,231.856732010995,218.665811717069,0.755774278457452,FALSE,FALSE,TRUE,"N2"
2019-07-21 04:00:00,0.600461422970121,0.410557584943716,0.0599871513247023,0.030929126085627,0.0793952545991077,6.44695667673955,1.24595911698487,0.0560112564955015,0.000516908798984235,0.000680328242081078,0.326048574568963,-2.24014212414716,-0.00718249358590614,0.00632592173816643,-0.000411686926738533,-0.000702661043652192,4.02677546039346e-06,212.867079003236,186.339423620913,18.3219649402039,FALSE,TRUE,TRUE,"N2"
2019-07-21 04:15:00,0.568712801008436,0.481140032157817,0.0717329606293715,0.0663517125326328,27.1482509358532,-0.577582192318803,10.2803477388839,-0.127796093011695,0.000547119824602646,0.0023177125609677,0.658345124280712,-29.4127468659633,-0.0846939962381077,0.247546969132504,-0.00812164381139205,-0.00913124605875834,2.87698897585386e-06,241.118282488414,212.709499705731,8.52054812653366,FALSE,TRUE,TRUE,"N2"
2019-07-21 04:30:00,0.852132764457342,0.763636278485038,0.0678742096122976,0.0437753463601789,-2.635855474556,16.1495660237559,5.75743595665967,0.178896021172132,0.000170769671376338,0.00313498629203191,3.53893602116059,-3.0763627575603,0.0175025676848602,0.0697192854708583,-0.00225960580286929,0.000880783383251501,5.73646891574525e-06,247.744269734399,221.225923115724,25.2152866069681,FALSE,TRUE,TRUE,"N2"
2019-07-21 04:45:00,0.800702485655296,0.756487662765269,0.237479515134002,0.193470792090406,-17.5703038772071,55.6247642423991,-17.8882168881174,0.649547477751637,0.00174519022435658,0.00469213890620885,2.24485346272661,398.237729822095,1.72227975088687,-1.33121935661097,-0.0381386648297338,0.117260617042144,2.04202486506949e-05,262.119663415113,227.078617626933,3.54146801074199,TRUE,TRUE,FALSE,"N2"
2019-07-21 05:00:00,2.25291346433683,1.79975262001457,0.227908142287443,0.139216852074653,-5.22041293224232,6.91953122789188,5.95757234258267,-0.0334425089991542,0.000929789519566131,0.00451750952136449,2.54569637832022,16.3547284551014,0.0464716902295718,0.000496956221686613,-0.00192395596773286,-0.000560393882081893,-2.27641288057937e-05,187.472790118232,191.381498849329,17.7506519170513,FALSE,TRUE,TRUE,"N2"
2019-07-21 05:15:00,2.71991264897343,2.31325888609888,0.262285860652496,0.221964691063265,-6.46438080944492,1.31803786979026,6.54578740284543,-0.076026240861327,0.00211968909534245,0.0054162676999234,2.5681548092667,-26.9247033023069,0.00586009424744534,0.214213678734208,-0.0016462681868619,-0.0145706014610173,-9.91442121391751e-06,211.247341828311,191.330652867526,13.6336122578866,TRUE,TRUE,TRUE,"N2"
2019-07-21 05:30:00,1.50857018363027,1.41324697390328,0.193581132772375,0.145806232390706,-1.09271514203618,19.5618632318092,4.86671956422724,0.0018863310920875,0.00195647892738099,0.00614428450651992,1.91006750315137,-54.9654779957372,0.112617521090306,0.231646212412592,-0.00808004379222595,-0.017186573269337,-2.49096453501923e-05,263.518071948391,235.921615281762,12.4440815888233,TRUE,TRUE,FALSE,"N2"
2019-07-21 05:45:00,1.31851579022694,1.18227630908411,0.141650751268756,0.0679712449198541,-4.10276700263428,20.1271116058333,12.137238976676,0.0696209103882813,0.00146661741312926,0.0056855013167432,1.71731091555392,-3.38956548849804,0.0135195339571959,0.00483654561934142,-0.00237075028569606,-0.00181035641522492,-1.70745667631721e-05,256.664463890701,229.28940190855,25.1314402017174,TRUE,FALSE,FALSE,"N2"
2019-07-21 06:00:00,1.02031282797404,0.830000618735844,0.179005124166931,0.190026642111371,-5.86411312695696,13.6344389843603,16.3870583985994,0.0150965644506368,0.00129159675723576,0.00600847533981618,0.873812992419429,-109.117132247309,-0.156843179640001,0.302368432540228,-0.0288157665405397,-0.0472520198669681,-5.02266000611351e-05,191.513380487294,189.389091021953,4.17232294708542,FALSE,FALSE,TRUE,"N2"
2019-07-21 06:15:00,2.55602537080306,2.20291710262979,0.288098420573173,0.211714473927125,-5.42114459392015,30.7767958105802,15.7193498236493,-0.0264354911782607,-0.00391147869487949,0.0181288865679298,1.41140417004454,-77.691800969481,-0.152586269020525,0.122819536740084,-0.0136979394705114,-0.0286188655858234,3.24877469694593e-05,207.286551452139,186.879398922199,7.97295268793247,TRUE,FALSE,TRUE,"N2"
2019-07-21 06:30:00,1.08639022139012,0.983814418880873,0.0738131723433501,0.0697369626640953,1.14213000798582,22.5298108597166,17.5724408361139,0.0262420842478658,0.00145367464103173,0.00299785412676324,1.16961768153663,-22.0355624462587,0.00413375861854748,0.00589499259362429,-5.88514043505018e-05,-0.00134025510724448,4.69241938441114e-06,251.723175241499,225.491356544149,19.6974665417082,FALSE,TRUE,FALSE,"N2"
2019-07-21 06:45:00,0.70414323086488,0.713372391683073,0.102668567093325,0.102274496130305,3.90593862040513,22.7474154157901,17.9960282654653,0.0689665844658216,0.00082200594730762,0.00240533790727624,1.06680221180168,-603.869107431517,0.269004805907714,3.53520522720669,-0.107220823409374,-0.155581683954798,-0.000870358751369876,249.87208653265,221.228303587985,8.08565325611761,TRUE,FALSE,TRUE,"N2"
2019-07-21 07:00:00,1.47049534009278,1.22465566760154,0.0989228513310045,0.112061646026976,4.73520785064247,77.4477205649566,45.54067786222,-0.0472973666729494,0.0017479963433686,0.0036911280568516,1.5761975233244,-29.5481143727836,-0.0245063925113311,0.191462646722993,-0.00977652563799161,-0.0165472904754642,-4.53455832485682e-05,198.787234667173,180.14993364101,14.4630462475969,FALSE,TRUE,TRUE,"N2"
2019-07-21 07:15:00,1.62451655803796,1.41063365145193,0.126565599342982,0.129802566294843,3.35494380189536,38.9664709434925,38.1681834681238,-0.00205958981979489,0.00117666877208649,0.00542341377300065,1.61304482511234,-38.2212045834654,-0.0153460232754814,0.285957392309607,-0.00688136035029023,-0.00778471899038882,-3.8509404944182e-05,227.023244701908,205.776715231281,14.3632840681193,TRUE,TRUE,TRUE,"N2"
2019-07-21 07:30:00,0.61562733549598,0.585431513952767,0.0705737677847118,0.0626694398599026,10.5492444632291,31.6168933502398,26.9589998764115,-0.0420269109788562,0.000524283972046983,0.00333677033560158,0.964408922356897,-52.4932359006119,0.0125456709724088,0.45896293377192,0.000951483978356838,0.0110273025654445,-2.64831833841164e-05,223.188324715293,199.911189267955,11.8734413052258,TRUE,TRUE,TRUE,"N2"
2019-07-21 07:45:00,0.292382863425153,0.366630125078021,0.235307844758632,0.0350659723610932,178.289183983157,-25.4548190050959,19.3353839055504,-0.2243878957344,0.00148760623540298,0.00187948557993603,1.05135656052598,-3.89518780427168,-0.004898072118071,0.0244589053497135,-0.000444038657026507,-0.00203101157206393,-2.26636153721133e-07,318.271927072763,337.517269270243,13.6887098492997,FALSE,FALSE,TRUE,"N2"
2019-07-21 08:00:00,0.759550876242001,0.652521178007357,0.0955086384527982,0.0819084886805073,35.6459237468181,29.1672260589348,28.5175384601419,0.0900531524647396,0.00257579391137023,0.0028415460857702,0.9436459909457,-51.3219078474638,0.0512210986480305,0.232377682190154,0.00481896394832309,0.00130009717024478,7.93258141522139e-06,259.96894814181,223.029665308146,9.65683578487753,TRUE,TRUE,TRUE,"N2"
2019-07-21 08:15:00,1.04605176967468,0.97094815920241,0.0821650827311623,0.0823802908567242,8.28817908474928,64.9587403485348,37.9771603948962,-0.0595925407233498,0.00129365251927462,0.00299030799249678,0.866048923292604,-123.434710418003,0.178442353827789,0.501845024568866,0.019546808066281,0.032917270147568,1.70748542836478e-05,220.125944088507,196.880579842245,15.871178900743,FALSE,TRUE,TRUE,"N2"
2019-07-21 08:45:00,1.3499977579867,1.25421925653428,0.0911727430572279,0.0229285564882797,2.7132539334479,66.8922500746212,30.7735384683334,-0.0296051174339316,0.00200163336821087,0.00372204285738335,1.70281381911447,-3.32839386765559,-0.000178020390740699,0.0247609727692873,0.000336307256807564,3.84903801864828e-06,9.84833350549556e-07,252.424231039824,227.069828262698,3.69198419621772,FALSE,FALSE,FALSE,"N2"
2019-07-21 09:00:00,1.25114177514919,1.13041176078268,0.10133838760341,0.037935441376915,2.31671017438429,119.331480168489,42.105118287673,0.0720930208200376,0.00147395202236521,0.00475506545747896,1.84824026108896,-12.1812559510314,-0.000797462584474447,0.0758266837289623,-0.00239008245305803,-0.00428485164352247,9.59784264076297e-07,245.450169972527,222.22035962508,45.67161916279,TRUE,FALSE,TRUE,"N2"
2019-07-21 09:15:00,1.01916778310247,0.943653961512844,0.0581527381563135,0.0573346912022178,5.27265557340417,99.1926197771097,55.8106705146158,-0.0602186959235857,0.000645561118462099,0.00398087828621881,1.73404515771385,-41.7057523225299,-0.00532657783894168,0.275497422849828,-0.00579555461065133,-0.0114944500695988,-9.96185821451497e-06,238.565215404286,214.371064248406,23.5842350522135,TRUE,TRUE,TRUE,"N2"
2019-07-21 09:30:00,1.31064095747976,1.21850702237958,0.126690670924036,0.0395944321055828,24.1787812435061,101.155087305072,34.4590990496564,-0.0661079393737168,0.0016901934350288,0.00532987311916868,1.98230406607246,-13.9160999508189,-0.000246069746149522,0.106002744006089,0.00321018310165499,0.00480796817865954,-1.86284389471764e-06,258.741631981684,231.76613090857,47.2886330873139,TRUE,FALSE,FALSE,"N2"
2019-07-21 09:45:00,1.57274753714795,1.37562189173969,0.116914428706574,0.120676819355246,15.1415769286994,137.359678472218,16.1476745000141,-0.172828925885289,0.000375437888305033,0.00613745019234889,2.10603811984526,-70.952288414981,0.0911314249815067,0.4225354745706,0.0128591093753083,0.0232153592048174,-1.5695715367665e-05,227.140539014152,205.717604577076,15.2354139289232,FALSE,TRUE,TRUE,"N2"
2019-07-21 10:00:00,2.37534107598582,2.0788073600029,0.198297386410078,0.20797752395535,28.2732573326466,114.418181198858,-65.6801104000278,-0.264266298326752,0.00732358640510586,0.0138768562853193,4.18239991814659,-219.838841805355,0.156549536370437,1.31928067114068,0.00661490671925319,0.0159733156128665,-5.40880248796118e-05,233.253630176029,210.891815674057,12.9372936284517,TRUE,FALSE,TRUE,"N2"
2019-07-21 10:15:00,2.08394872466304,1.81693443567588,0.17040885609676,0.179415681642334,21.2913355149773,159.58285445039,96.0221189810771,-0.177558514430422,0.0131179406990216,0.0107780735312346,4.43598125382298,-204.143878780166,0.0420953826559843,1.31585915711973,4.98816417824193e-05,0.00526231254810535,-1.87140901554259e-05,222.909274596168,201.567116713846,13.1520285552124,TRUE,FALSE,TRUE,"N2"
2019-07-21 10:30:00,2.18466353511485,1.92990422867794,0.17164788651189,0.172452830706501,16.1331309997564,120.212447999895,270.456149078257,-0.135867318337209,-0.00246743491319619,0.0432113383500116,12.6380545919838,-264.375109772175,0.0400083606810601,1.44824908192021,-0.0049480560433369,-0.00480989673831337,4.29880239868975e-05,213.639547919403,193.676750562984,14.8935042980853,TRUE,TRUE,TRUE,"N2"
2019-07-21 10:45:00,2.72625611245487,2.38878567034867,0.204832802218512,0.226225963581398,28.6456453093615,236.813194914906,-75.371877460987,-0.245516454748162,0.0240752602041326,-0.00798093172029984,-2.04341458865671,-263.27709816597,0.048450512265636,2.02275519678273,-0.00353650747662814,-0.00443489810492087,5.04472717503058e-05,214.039563766512,193.848468123523,13.8585818196058,TRUE,FALSE,TRUE,"N2"
2019-07-21 11:00:00,1.93686371848191,1.67269174472005,0.146982442844724,0.158843320722008,66.7243725979779,333.949571314178,217.811314569775,-0.307369640634648,0.00415542571511894,0.0335407580450201,9.05675688297257,-123.038882264207,-0.0252037918797309,1.31422910815744,-0.00174673847661585,-0.0108074055743459,1.16643459886182e-05,203.541787060433,183.424116568558,13.8113989541681,TRUE,TRUE,TRUE,"N2"
2019-07-21 11:15:00,3.12281827410082,2.62698474915185,0.346980704614554,0.235841070161869,52.7620996842072,350.323318525486,-11.902689379796,-0.223293855092507,0.00311609248930605,0.00768913330725503,1.03852045813535,-224.920916926458,-0.00995388101060142,2.02273135779616,-0.00110838783814639,-0.00150686801324831,3.48967247962726e-05,186.382596639757,191.631759564863,14.8080027404026,FALSE,TRUE,TRUE,"N2"
2019-07-21 11:30:00,4.87703069743427,4.0717548704892,0.387821490370723,0.353917383745545,29.516334726584,177.018968995852,374.199330730413,0.147740375809475,-3.95690675795613e-05,0.0669924162267861,16.5579245513819,-234.206724200891,0.0614656899098465,2.77451919461374,-0.0070898573588144,0.0119419791346986,5.85368948006814e-05,194.227128848192,183.927619699985,10.4684996234247,FALSE,FALSE,TRUE,"N2"
2019-07-21 11:45:00,4.17845019689384,3.55890796516003,0.375757440140275,0.350935522630845,11.562782606838,122.053377227821,-119.242239991814,0.239098608525399,0.00993139873255154,-0.0182252540295843,-1.64359305452637,-147.611573372672,0.0515353747298416,1.2967284570193,0.00278993466263944,0.00808979115655782,8.75039512729905e-05,208.071356729822,189.267455284307,7.99299646532694,TRUE,FALSE,TRUE,"N2"
2019-07-21 12:00:00,3.67897369498984,3.14214134519378,0.29045601716,0.237657278010845,37.2985721156132,199.552013674605,42.6258420501912,-0.00335357549522749,0.0034810172702618,0.00808161138121697,3.39502876983104,-146.743701571872,0.0771461731332437,0.51772968752374,0.00636451587872975,0.0135122328660358,3.30208105736024e-05,211.516611914646,192.351727649273,18.2348270446143,TRUE,TRUE,TRUE,"N2"
2019-07-21 12:15:00,3.18864887000264,2.85663485073486,0.338039790285618,0.231080232629766,56.7324701905578,230.746652099409,71.0610407609878,-0.302583931646982,0.00300118409709937,0.0106823689121713,2.7473504411947,-434.357981906904,0.133216112463856,2.0461447729096,-0.00669987685014165,0.0010350736351397,4.54415070883632e-05,236.382505900254,212.606505445099,16.8187703808435,TRUE,TRUE,TRUE,"N2"
2019-07-21 12:30:00,3.87453858552758,3.34263628786105,0.326652197033624,0.239263951343294,51.908220985252,255.37778172691,-13.3780077358632,-0.218303988638603,0.000715591095273508,0.00745636003413547,3.61915773045706,-266.066887067415,0.0572860449912591,1.16972533434061,-0.00788581585405433,-0.0138666063509849,8.97847575874053e-06,233.853757120058,211.597356369612,12.1627537653032,TRUE,TRUE,TRUE,"N2"
2019-07-21 12:45:00,3.18328029142876,2.77439061744913,0.290037992327864,0.225453419698657,59.4531251581774,315.036527589031,114.195326333565,-0.359567490753094,0.00211375361872031,0.0145878232156498,3.61860399902597,-241.346643817521,0.0743863650151084,1.20525344231471,-0.00494808357386884,-0.00951647665310014,-6.43519924851774e-06,232.732270869906,210.139018403116,16.7261328886251,FALSE,TRUE,TRUE,"N2"
2019-07-21 13:00:00,3.20875721821733,2.81280924431845,0.357216013894505,0.25838476686254,63.2216195520329,277.247231503276,-65.5467389759333,0.0424847413216936,0.0282414275909378,-0.0185076516723178,-3.65807746698598,-294.293137514954,0.0788219340454511,1.86390201305232,-0.00842506450796538,-0.0137409612456968,-1.79701925420674e-05,233.156062131747,211.037189940169,14.3937512191748,TRUE,TRUE,TRUE,"N2"
2019-07-21 13:30:00,1.80492134275796,1.63634919274833,0.231969017601572,0.206768441020974,79.3514098721217,455.691278627721,82.6144399003233,-0.458207262402672,0.0161618123217978,0.00842421293410395,7.33273067822524,-556.089627830558,0.0557808926926816,4.2298335758947,-0.0216636172597183,-0.0287738367557484,-2.60655155075843e-05,233.159131685603,210.095152918785,9.57288514442442,TRUE,FALSE,TRUE,"N2"
2019-07-21 13:45:00,1.80492134275796,1.63634919274833,0.231969017601572,0.206768441020974,79.3514098721217,455.691278627721,82.6144399003233,-0.458207262402672,0.0161618123217978,0.00842421293410395,7.33273067822524,-652.616891751436,0.0687602322308144,6.20411563455123,-0.0158080183298002,-0.01914831388947,4.73281048223235e-07,233.159131685603,210.095152918785,9.57288514442442,FALSE,TRUE,TRUE,"N2"
2019-07-21 14:00:00,1.71344174999861,1.39722027319949,0.297772366917241,0.233963006122,98.0179930551977,508.547827214568,89.7220850823031,-0.47020156186721,-6.55056541367583e-05,0.00781430406836084,2.27736679580118,-506.538921147435,0.0922817880170917,5.25782728016684,-0.0111303412757517,-0.0132967408688793,6.36483756765057e-06,184.189964371346,202.48293914472,2.4317663657363,TRUE,FALSE,TRUE,"N2"
2019-07-21 14:15:00,1.71344174999861,1.39722027319949,0.297772366917241,0.233963006122,98.0179930551977,508.547827214568,89.7220850823031,-0.47020156186721,-6.55056541367583e-05,0.00781430406836084,2.27736679580118,-739.248502402872,0.157270331909035,6.27660163535644,-0.0108868202954587,-0.0198825018307903,7.97160013406641e-05,184.189964371346,202.48293914472,2.4317663657363,FALSE,TRUE,TRUE,"N2"
2019-07-21 14:30:00,3.86854187662946,2.69359945699179,0.338333108958616,0.313247506648446,82.1317119763169,576.518265843918,71.2871264020773,-0.408070783930715,0.00340501652515313,0.01049688337937,4.27499695214933,-283.882403075698,0.0676443583106605,3.12739299679136,-0.0020885148174644,-0.00507444489599379,5.20120918798433e-05,215.025860409881,240.144077138783,5.85085094102829,TRUE,TRUE,FALSE,"N2"
2019-07-21 14:45:00,3.30736188463661,2.44405611214243,0.290324975795599,0.268243877859985,59.0489184856507,416.644061010423,240.892798061758,-0.321512541294502,0.006175072477292,0.0468850030546661,11.5495297680851,-164.580458810114,0.0352645680824926,2.359584033328,-0.00195883462301051,-0.00129121885642271,2.42636439673567e-05,196.077005520845,216.814305922904,11.5000493922264,FALSE,TRUE,TRUE,"N2"
2019-07-21 15:00:00,3.4390314473099,2.42817862186706,0.357784041486316,0.292256174282679,40.377574272269,372.498918569183,-65.1528319994038,-0.242493638799712,0.0225785731264882,-0.00841661497664436,-0.033088662769323,-132.450802829381,0.0191654404002812,1.83925883024099,-0.00384999447669296,-0.00375692807509319,-2.10823651865171e-06,199.674952503229,221.106232925017,10.2046686465486,FALSE,TRUE,TRUE,"N2"
2019-07-21 17:15:00,2.65066677201659,1.99000517673229,0.222385171219967,0.19362971451664,32.4454099361404,177.737377048741,119.426455974805,-0.104398628855733,0.002140275386899,0.0109308925335757,2.74791769076555,134.768837088861,-0.0236682902049728,-0.233646913586883,NA,NA,-9.17811458489039e-07,201.470181032388,226.64566908341,13.3976646995063,FALSE,TRUE,FALSE,"N1"
2019-07-21 17:45:00,2.19607823035114,1.72744539541877,0.204384057453141,0.142993637271461,13.2087348810683,118.127425138686,61.6719885751063,-0.0478821383358601,0.00203981697524787,0.00565739536952988,0.935186669775451,63.4426018148005,-0.0113483130939038,-0.0192037882206217,NA,NA,6.99015511764986e-06,180.185937878587,199.822306767861,16.3553958981562,TRUE,TRUE,TRUE,"N1"
2019-07-21 18:00:00,2.89842843130719,2.30381107081665,0.252581427880304,0.217919077541955,-1.4850696716234,112.37243606267,75.9520803844298,0.09402817817255,0.00241078940030555,0.00801162428736767,2.09274883685693,80.6544716468976,-0.00382927015897743,-0.122246234550604,NA,NA,2.25319401368253e-05,187.135771613873,192.568600100437,13.879156185072,TRUE,TRUE,TRUE,"N1"
2019-07-21 18:15:00,2.85859768127294,2.28587906996004,0.232568538234705,0.21040472980154,-4.31087699014008,66.7577027262783,53.300062078395,0.0693253669132727,0.00308261556636309,0.00482552459432665,3.37446714973107,108.165975150872,0.0238273378142184,-0.247856206980346,NA,NA,1.25281001569431e-05,197.88071827028,181.320346392519,14.3578232411237,TRUE,TRUE,TRUE,"N1"
2019-07-21 18:30:00,1.87694969853902,1.49710189701241,0.166509090138061,0.133984355125019,-4.70340984442475,41.1436082874879,33.2777349920137,0.0762493833262087,0.00126605277030181,0.00532645050253256,2.82374233857577,69.8085831788944,0.0292623724244395,-0.164038805828301,NA,NA,-4.10914885481226e-06,200.584089653737,180.90370023624,14.8652787902425,FALSE,TRUE,TRUE,"N1"
2019-07-21 18:45:00,1.87709636947897,1.44927303009573,0.188160352840661,0.136715171780517,-5.24058225718478,51.0193074497372,27.6041732584674,0.131752331745518,0.00129968677435089,0.0034727879849339,2.34911429685003,47.0622764199067,0.0272286730456968,-0.0869591268942789,NA,NA,1.70906292182088e-06,192.522784297197,186.435519406859,13.9262989806622,FALSE,TRUE,TRUE,"N1"
2019-07-21 19:00:00,1.96822739618958,1.55569848030489,0.176158284605849,0.15185905219261,-4.0595334365731,34.0461553893788,29.0548248281756,0.0537881754609807,0.00133445420177238,0.00425757692581939,1.88872892366232,58.2934762686775,0.0276275273996993,-0.0725504167442775,NA,NA,8.88643318429845e-06,193.581039998617,185.388995621196,13.3437297209841,FALSE,TRUE,TRUE,"N1"
2019-07-21 19:45:00,0.622044402418551,0.491153743811677,0.0946703658418575,0.0547727587099608,-2.62640245836682,48.5232633003827,16.3550001192869,0.319861640856095,-0.00319271645358916,0.00149464670567539,0.397257216087346,24.8281583171503,0.0155383605256878,-0.0450848490283207,0.00186296607495225,0.00190786702322099,3.58490623596005e-06,266.178232498273,228.884349839605,30.1527713605295,FALSE,TRUE,FALSE,"N1"
2019-07-21 20:15:00,0.918995657623491,0.841689728349417,0.0851011409824824,0.0734548342709895,-1.48895828986195,18.4978214018699,5.69122178552561,0.0925192672496699,0.0007945333286079,0.00244686777009541,2.13749897257437,68.5441648519515,0.0836331442029085,-0.396182484165869,0.00573306243017162,0.0222074204974805,6.23733622791766e-06,254.032757099994,227.962490175673,15.3329234529713,FALSE,TRUE,FALSE,"N1"
2019-07-21 20:30:00,0.941635827432159,0.872634703764178,0.108290810895011,0.0681388391348716,-0.666178579130166,15.4863891022102,0.370436942812043,0.0662603062033876,0.00117292831215147,0.00200372902137245,0.844770661450735,49.8314572188957,0.0176852629831523,-0.249564651016439,0.00554930530703695,0.0054582035652149,2.75871673363202e-05,256.292142033084,229.392536515799,17.5512391092668,FALSE,TRUE,FALSE,"N1"
2019-07-21 20:45:00,0.904737100041328,0.791330118512271,0.0683628939377287,0.0372320673952153,-1.59830262094253,13.8497700222863,3.91316174241332,0.0596542200044519,0.000899733077781012,0.00182867019524406,0.582474866074753,10.9665422142362,0.00542317945765021,-0.0578123306831308,0.00138599899340301,0.00178886580209459,5.47700583792313e-06,248.787651506349,223.714351455852,31.5219980470441,FALSE,TRUE,TRUE,"N1"
2019-07-21 21:00:00,1.03231280911442,0.846359270766199,0.0840478261079316,0.0607074582543473,-0.436344163014414,3.34835380446236,2.2474581259321,-0.0202142898767071,0.000632166884767949,0.00825908307772968,2.2675428048162,22.4481400513778,0.0211158210104763,-0.104203641320288,0.00297509867635158,0.00259973059987627,4.12853119585177e-06,237.176453947688,211.86729981439,19.423519042449,FALSE,FALSE,TRUE,"N1"
2019-07-21 21:15:00,0.759122038798027,0.709355502370901,0.0746745774049034,0.0877390218491611,-0.483431780804208,29.3021261554839,12.2420955823784,0.110820286964769,0.00107227313789759,0.00247291787410641,0.788334616452391,109.568431659582,0.0719627109671494,-0.873335787827132,0.0167867946767985,0.00355725760409072,1.83886258609713e-05,241.466363028605,217.625693716878,9.8461922711924,FALSE,FALSE,TRUE,"N1"
2019-07-21 22:00:00,1.7086343630485,1.29735172973068,0.124921148681882,0.106789447086651,-5.21359537928986,12.6335330351443,12.1110024217201,0.0598450973035194,0.000707960061683498,0.00330346170485888,1.45269315778748,18.8458158895384,0.0105618131101149,-0.0849405382492118,0.00296458056241607,-0.00126137669917551,1.07759869604168e-05,209.08808797225,189.913498130673,16.4674798688464,TRUE,TRUE,TRUE,"N1"
2019-07-21 22:15:00,1.88719744409535,1.48174207456891,0.127751571394419,0.13481802156763,-4.85308553142461,15.0020566571941,10.4251458953307,0.0873388277814701,0.00168666242489513,0.00461181243762617,1.36026437993755,15.1780708553505,0.00515162102723313,-0.13111540231724,0.00470536713978179,-0.00300977433620227,1.48874016158672e-05,212.983662406167,192.753454157908,14.5651204230572,FALSE,FALSE,TRUE,"N1"
2019-07-21 22:30:00,1.53303630904994,1.20705964860903,0.131394961517857,0.104494842982365,-4.82874566230434,6.80857889183851,3.51823260583135,0.0981802398207729,0.000903962773632609,0.00326848730645801,1.36349811810585,21.3696713790343,0.035930970541117,-0.161016933654604,0.00344111660376987,0.00464700373427291,5.94526062921323e-06,225.675649230493,202.711406050321,15.4853164479992,TRUE,TRUE,TRUE,"N1"
2019-07-21 22:45:00,1.82007078485637,1.40219412732864,0.124061001527382,0.104154629347885,-3.57360887970811,9.62032529879041,-33.8234095184105,0.0326620979473882,0.00666909706496224,-0.00257959272306648,-0.0508738109674444,20.8675127374629,0.0547877852495535,-0.0717928804213743,0.00287785309551414,0.00463298321763324,7.32949028420505e-06,229.332230291394,207.317354321678,18.6329143070484,TRUE,TRUE,TRUE,"N1"
2019-07-21 23:00:00,1.242466207239,1.06688446098744,0.082828717498938,0.126502527011024,-1.06686152985529,19.7089791516407,-4.69786860613355,-0.0714860332681416,0.000498448786240523,-0.000505781863451424,-0.261900173479591,68.8595857497936,0.190680741983646,-0.204877693330096,0.0108759884402926,0.014326944927279,3.55909971128438e-05,219.257776940761,199.64194735329,6.25407413107491,FALSE,FALSE,TRUE,"N1"
2019-07-21 23:30:00,1.97374190896941,1.57174777649156,0.146898302025047,0.124609172036696,-5.32515339490118,8.58828847271579,0.663696893581482,0.0575655957577345,0.00145488697145495,0.00543283436058219,0.784281276129165,13.2273794577348,0.0233250256236049,-0.0218882468903764,0.00325268377773229,0.00533666105778878,6.94640768026869e-06,224.414161555961,201.307495500143,17.2327199869508,FALSE,TRUE,TRUE,"N1"
2019-07-21 23:45:00,1.73462410842494,1.3492905963678,0.171367616171401,0.126678452488124,-7.83896193497721,29.4033724921451,15.6269042320844,0.120809032996335,0.00111737996517752,0.0041722432965526,1.3882113426034,NA,NA,NA,NA,NA,NA,207.852872045146,187.5181621361,14.009162098775,FALSE,TRUE,TRUE,"N1"
